EstBERT;est-roberta;LaBSE;bertMulti;distilbertMulti;MiniLM_multi;MiniLM-L12_multi;multi_e5;xml_roberta
kriter Victoria rahvalaul;kaheksas õhtune kontsert;koor festival konkurss;juhatatud Üliõpilass neljas;uudsus moment torm;no konkurss ungarlane;arvatud laureaat kontsert;konkurss osavõtja kammerkoorikonkurss;Lõuna-Karoliina kontsertkoor Housen
Stahl saal päev;kontsertkoor üldse võrdlema;rahvusvaheliselt laulukonkurss kolmekordselt;10 sõitma depretsen;veidike suurem programm;kord hüüdma Ungari;Ungari rahvusvaheliselt laulukonkurss;osavõtja kammerkoorikonkurss kuu;võib-olla Eesti meeldima
mäng Victoria Ave;osalema kammerkoor kategooria;kurss konkurss osalema;leidma kontsertkoor üldse;panema punkt arvestus;teade Budapest koor;kutse aeg laulupidu;kammerkoorikonkurss kuu jätma;koorimuusikaspetsialist Ungari Euroopa
saal sümpaatne Estonia;koosseis sõitma Helsingi;Ungari koor festival;osavõtja Tallinn paraku;suurem programm võib-olla;Ungari rahvusvaheliselt laulukonkurss;laulukonkurss kolmekordselt pärjatu;Ungari rahvusvaheliselt laulukonkurss;võib-olla terve kontsert
tõusma Eerika koor;ettekanne maa gigant;nimi koor esinema;kontsentraat veidike väiksem;lugema maksimaalne punkt;Budapest koor Debretsini;laulma dirigent nõudma;punkt võimalik kammerkoorikonkurss;suurem programm võib-olla
konkool dema kloriana;keha sobiv lava;võib-olla terve kontsert;žüriiliike veidike kahetsema;pluss valik programm;Ungari koor festival;kontsert üldse toimuma;pluss koorimuusikaspetsialist Ungari;lõhe Tšehhoslovakkia suur
serenaad lõhe Tšehhoslovakkia;suurem mõnus kammersaal;kontsert andmine võimalus;olulisem laulja viga;punkt punkt võimalik;kutse aeg laulupidu;ütlema koor konkus;konkursiprogramm kammerkoor kategooria;Soome Tšehhi kaks
pela partak teos;brüsseli festival toretsema;kontsert festival päev;täitsa serenaa serenaad;kontsert laulma programm;pluss koorimuusikaspetsialist Ungari;kontsert andmine võimalus;rahvusvaheliselt laulukonkurss kolmekordselt;piiratud pikkus 10
pardok nimeline Stahl;nimi varem kogema;soov festival nägema;küllalt raske serveerima;kaks kindel arv;kontsert lõpetama Rovoneedmine;rahvusvaheliselt laulukonkurss kolmekordselt;võimalik kammerkoorikonkurss 150;kohustuslik laul programm
võimalus esitamine üpris;sõitma Helsingi muusikafestival;leidma kontsertkoor üldse;Euroopa riik kutsuma;võimalik punkt punkt;Budapest raadio aasta;festival käima koorijuht;värv Ungari koor;osa võtma eesti
aken täitsa serenaa;kuu jätma eelvõistlus;tervitama kontsert õnnestuma;45 rahvalaulukonkurss osalema;klase uudsus moment;osavõtja kammerkoorikonkurss kuu;loomulikult Ungari muusikapärane;eesti koor Peela;õhtune kontsert viimane
lämberg Jürgen Jürgens;minut saal proov;kohustuslik laul programm;tugevam kartma sõit;jälle panema punkt;sõit loomulikult Ungari;kogema esitus laulma;konkurss paratamatult koor;sõitma depretsen kaba
kammerkoor fänn Roode;küllaltki soliidne punkt;kutsuma festival maailm;esile tooma meelesoliiva;näitama lühike programm;sõitma Helsingi muusikafestival;koor dirigent preemia;Ungari koor festival;põhimõte lavastuslikult Ingerimaa
kümmekond võrdne auta;ungarlane võitma maailm;nimeline rahvusvaheline koorifestiv;kutsuma kõrgem konkurent;punkt arvestus lugema;laulma ungari keel;laureaat kontsert lõpetama;rahvusvaheline koorifestiv korraldama;teatud ime võib-olla
partok seatud rahvalaul;kolm esimene osa;niisamamoodi folkloorifestival käima;konkurss osalema kammerkoor;andma kutse meelekeva;esinemispaik võib-olla Eesti;Ungari koor festival;festival käima koorijuht;faas esimene õhtune
Veljo Tormis Ingerimaa;leidma kontsertkoor üldse;koor hästi laulma;rahvalaul osas piiratud;programm võib-olla terve;ungari keel kogema;tervitama kontsert õnnestuma;koor eesti keel;Helsingi muusikafestival Helsingi
publik pela partak;panema kark tundma;esimene juhtum laulma;preemia tegu folgifestival;toimuma kontsert toimuma;loomulikult Ungari muusikapärane;pluss koorimuusikaspetsialist Ungari;45 rahvalaulukonkurss osalema;punkt Lõuna-Karoliina kontsertkoor
kontsert Arsenal kriter;arvatud laureaat kontsert;valima muusika laulma;suurim autoriteet üldse;asi arvama esile;konkurss paratamatult koor;rahvalaulukonkurss osalema 28;võõramaine koor eesti;näiteks konkurss kaks
käsikiri mäng Victoria;autoriteet üldse koormus;Helsingi muusikafestival Helsingi;niisamamoodi folkloorifestival käima;andma teatud kinnitus;kontsert laulma Veljo;aasta nähtus helilooja;konkurss ungarlane võitma;lavastuslikult Ingerimaa õhtu
kontsert Peela pardok;konkurss 10 sõitma;teadma näiteks konkurss;varem Kuuno areng;arvestus lugema maksimaalne;meel tervitama kontsert;aeg koor konkurss;kaks koor Soome;kuus kontsert päev
nimeline Stahl saal;tase osa võtma;kolm kord hüüdma;kõrgem konkurent üldse;programm pilt suurem;koorifestiv korraldama aasta;koor varem konkurs;folgifestival kuulutama koor;kontsert laulma programm
esile tõusma Eerika;teos esitamine küllaltki;Üliõpilass neljas koor;vaade doonoleja parlamendihoone;tooma kontsert andmine;dirigent konkurss paratamatult;muusika mood kontserdisaal;koorikooriühing esimees lausuma;maa võtma kolm
koor Bloutivi konservatoorium;suur segakoor laulma;aeg laulupidu Arvo;Ungari muusikapärane laulma;kindel arv nähtavasti;rahvusvaheliselt laulukonkurss kolmekordselt;konkurss eesti koor;teade Budapest koor;Ungari rahvusvaheliselt laulukonkurss
muusika ala vaikselt;vorm kohutavalt autoriteetne;värv Ungari koor;põhiliselt tormine arvatud;ütlema koorimus spetsialist;külaline lint kuulma;üldse käima kurss;rahvalaulukonkurss osalema 28;ime võib-olla tavaline
Mustamäe rajoon majakarp;konkurss nägema esinemine;korraldama aasta konkurss;esinema avangardprogramm tugevam;andma kümmekond võrdne;Debretsen sõitma Budapest;inimene koorijuht koorikooriühing;Eerika koor Raivo;kontsert Lõuna-Karoliina kontsertkoor
10 sõitma depretsen;laul lootma lõpetama;loomulikult Ungari muusikapärane;täis Budapest jõudma;partituur näima kontrollima;väike teade Budapest;mood kontserdisaal paistma;koorijuht segakoor Teaduste;õhtune kontsert laulma
festival konkurss külalismaa;kirjutama arusaamine muusika;tahtma ütlema konkurss;neljas kood üldse;lühike programm küllalt;konkurss osavõtja Tallinn;koor Soome Tšehhi;koor hästi võitma;võib-olla tavaline kontserdiandmine
Arsenal kriter Victoria;Festival üheksas korraldus;neljas kood üldse;kool antseet juhatatud;laulma vaste eksimine;arvatud laureaat kontsert;kontsert lõpetama Rovoneedmine;Ungari koor Monte;programm võib-olla terve
Tartu riiklik ülikool;laureaat kontsert lõpetama;Teaduste Akadeemia naiskoor;lõpetama festival Partok;laulma programm pilt;Tšehhi kaks koor;koor Jugoslaavia kutsuma;edu leidma kontsertkoor;Ingerimaa õhtu esimene
laadne muusika ala;veidi täpsemalt jääma;festival varem käima;ülikool saal veidikene;andma suurem õnnestumine;nimeline rahvusvaheline koorifestiv;temperamentne publik kontsert;ellerhein dirigent Tõnu;kontsert kontsert festival
serenaa kaheksas õhtune;kammerkoor hukkuma esimene;sattuma lihtsalt festival;laulukonkurss kolmekordselt pärjatu;punkt meister punkt;konkurss kaks koor;esitamine üpris suur;direktor pluss koorimuusikaspetsialist;täis võtma Ungari
Victoria Ave Maria;konkus suurem autoriteet;kaheksas õhtune kontsert;varem käima rauaneeline;aeg andma suurem;koor esinema avangardprogramm;tormine arvatud laureaat;koor esinema avangardprogramm;tugevam kartma sõit
raadio koor Bloutivi;õhtu Serenaad laulmine;laulma dirigent nõudma;varem konkurs Debretsini;punkt arvestus kiri;dirigent Tõnu Kaljuste;Akadeemia meeskoor ütlema;sõprusühing inimene koorijuht;eriline tähelepanek kontsert
kategooria folgikategooria lihtsalt;õnnestuma üpris hästi;õnnestuma kutsuma kõrgem;üldse käima kurss;üldse võimalik punkt;festival andma kutse;meeskoor ütlema kutse;Üliõpilass neljas koor;käima andma kümmekond
hotell buda mägi;kuulma tase üpris;õhtu konkurss üldiselt;kategooria kaunikesti sümpaatne;kontsert andmine võimalus;Debretsini õnnestuma kutsuma;kontsertkoor üldse võrdlema;loomulikult Ungari muusikapärane;10 sõitma depretsen
Nõukogu sõprusühing inimene;lint kuulma tase;võib-olla Eesti meeldima;Festival üheksas korraldus;selge ettekujutus andma;minut kohustuslik laul;dirigent konkurss paratamatult;tase ütlema koor;kell 11 inimene
konkurss nõukogu zürii;näppama keha sobiv;võtma eesti kool;publik suurem kontsert;kuldmedal punkt arvestus;eelvõistlus finaal laulma;Ungari koor Monte;Tšehhoslovakkia suur segakoor;Tallinn paraku ilming
võim vaade doonoleja;kaks koor Jugoslaavia;koor laulja emotsionaalne;12 õhtu laureaat;andma põhjus üpris;koor festival konkurss;nõudma dirigent dirigeerima;kontsert laulma Veljo;järjekord jõudma Debretsen
päev konkurss nägema;noortekoor Filipiinid jõle;laulma kaks kohustuslik;sõitma depretsen kaba;vaste eksimine interpretatsioon;ütlema kutse aeg;tegu folgifestival kuulutama;kontsertkoor üldse võrdlema;silm kunst pakkuma
kontsert tõusev joon;hea meel tervitama;võimalus üldse järjekord;käima varem Kuuno;laul programm Savena;maailm koorifestival juht;festival andma kutse;Ingerimaa õhtu konkurss;üpris vähe Euroopa
koorimus spetsialist üpris;asula andma kontsert;loomulikult tegemine klase;konkurss Holland brüsseli;eksimine interpretatsioon õnnestumine;üldse toimuma kontsert;publik žürii põhjus;publik maailm koorifestival;Ungari kuur kõrge
külalismaa täpne reglement;kuskilt viis minut;festival Partok nimel;konkurss miljöö eriti;presideaalne esinemispaik võib-olla;garanteerima Ungari kuur;koorijuht segakoor Teaduste;hästi laulma karmine;kuues juuli seitsmes
altar publik žürii;esinemine videolint võtma;vesi partma kohustuslik;pinge õnnestuma pingerida;koorimus spetsialist üpris;ütlema koor konkus;looming printsiip rääkima;naiskoor konkurss osa;ütlema tugevam 75
põhimõte lavastuslikult Ingerimaa;temperamentne publik kontsert;teadma võimalus sattuma;Victoria rahvalaul osas;interpretatsioon õnnestumine veidimsemaima;tõusma Eerika koor;arvama esile tõusma;Akadeemia meeskoor ütlema;osavõtja Tallinn paraku
keskendumisvõime žüriil veidi;konkurss nõukogu zürii;Euroopa riik kutsuma;sõit loomulikult Ungari;kontsentraat veidike väiksem;soov festival nägema;kontserdiandmine tekkiv üldiselt;laulma dirigent nõudma;11 inimene magama
hääletus no altar;jätma eelvõistlus finaal;festival tase osa;meister punkt Lõuna-Karoliina;andmine võimalus üldse;kaks koor Jugoslaavia;dirigent Tõnu Kaljuste;koor Budapest finantsiline;vähe Euroopa riik
Žürii laud partituur;võluv itaalia meeskoor;võõramaine koor eesti;eriti meeldima ingelema;esitama moora olenema;ungarlane võitma maailm;publik publik varem;kontsertkoor Housen kammerkoor;kontsertkoor üldse võrdlema
elamus koor Publica;festival konkursiprogramm kammerkoor;Tartu riiklik ülikool;konkurs Debretsini esinema;tahtma kiitma situatsioon;võtma Ungari Nõukogu;situatsioon tahtma kiitma;koor varem konkurs;nootis raha suur
Tormis külaline lint;Ungari rahvusvaheliselt laulukonkurss;nimi konkurss nõukogu;tütarlastekoor ütlema tugevam;andma paratamatud publike;esitus laulma võõramaine;sõitma Helsingi muusikafestival;kontsert laulma programm;esinemispaik võib-olla Eesti
minut jälle pilt;Nõukogu sõprusühing inimene;kontsert toimuma Peela;täpsemalt jääma hindamine;kontrollima intonatsiooniliselt intervjuu;tegu folgifestival kuulutama;esitus laulma võõramaine;laulupidu Arvo Ratassepp;kaks võit kolmas
selge ülejäänud koor;üpris suur narveerimine;arvama laulma laulma;siiamaani suurim autoriteet;tekst üpris põhjalikult;kontsertkoor Housen kammerkoor;ütlema konkurss kõrge;raud ettekanne koor;Lõuna-Karoliina kontsertkoor hea
võõramaine koor eesti;võtma eesti kool;võitma välismaa auhind;Ungari kuur kõrge;kutsuma kaks kindel;koor festival tooma;niisamamoodi folkloorifestival käima;koorimuusika viimane aasta;koor Soome Tšehhi
täitmine Žürii laud;konservatoorium tütarlastekoor ütlema;suurem kontsert kontsert;käima rauaneeline plaat;võimalus esitamine üpris;tõsiselt aeg koor;konkurss kaks koor;Tõnu Kaljuste põhjus;õhtune kontsert Peela
dema kloriana tants;Peela pardok nimeline;olulisem laulja viga;konkurent üldse sättima;võrdlemisi võimelisus vorm;Ungari Nõukogu sõprusühing;koorikooriühing esimees lausuma;Ungari kuur kõrge;tase osa võtma
suurem keskendumisvõime žüriil;kuur kõrge tase;kord hüüdma Ungari;kõrge maine Debretsini;punkt kogus üldse;laulja Hortu muusikus;Üliõpilass neljas koor;suur segakoor laulma;presideaalne esinemispaik võib-olla
muusika mõiste õismägi;muusika ehitama partituur;meeldima ingelema õhtu;külg olulisem laulja;kaunikesti pime moment;dirigent preemia jälle;rääkima elav ettekanne;laulma ungari keel;esinema Filipiini kammerkoor
suur tekst üpris;põhjalikult töö suutma;kontsert võluv itaalia;Ungari Euroopa võrdlemisi;esile situatsioon tahtma;arvama laulma laulma;paratamatult koor hästi;õigesti kuus kontsert;publik žürii põhjus
sõitma Helsingi muusikafestival;leidma ase folkloorifestiva;dirigent konkurss paratamatult;Mustamäe rajoon majakarp;programm küllalt raske;Ungari kuur kõrge;Eerika koor Raivo;võtma Ungari Nõukogu;laulupidu Arvo Ratassepp
eesti kool antseet;kuus kontsert päev;Festival üheksas korraldus;paremini selge nägu;pime moment terve;Budapest viimane päev;kord hüüdma Ungari;eelvõistlus finaal laulma;kord hüüdma Ungari
eksimine interpretatsioon õnnestumine;tase garanteerima Ungari;ütlema kutse aeg;televiisor nägema ütlema;andma kontsert võluv;serenaad lõhe Tšehhoslovakkia;eesti kool antseet;kontserdisaal paistma konkurss;lõpetama festival Partok
klase uudsus moment;kolmekordselt pärjatu sattumine;Lõuna-Karoliina kontsertkoor hea;võim vaade doonoleja;toretsema no konkurss;koorijuht segakoor Teaduste;serenaad lõhe Tšehhoslovakkia;kriter Victoria rahvalaul;ungari keel kogema
sõprusühing inimene koorijuht;konkurss meetma dirigent;45 rahvalaulukonkurss osalema;plaadifirma Budapest raadio;temperamentne temperamentne publik;sõitma Festival üheksas;teos kuulama pela;Kaljuste põhjus kolm;lugu Peela partok
antseet juhatatud Üliõpilass;huumor hoidma publik;laulma Britten konkool;esindaja käima varem;vorm kohutavalt autoriteetne;aasta nähtus helilooja;koorimuusika viimane aasta;noortekoor Filipiinid jõle;käima varem Kuuno
Ungari Euroopa võrdlemisi;45 rahvalaulukonkurss osalema;pluss koorimuusikaspetsialist Ungari;seitsmes 12 võtma;võit jälgima inimene;laulupidu Arvo Ratassepp;koor Publica panema;päev kammerkoor hukkuma;meetma dirigent konkurss
juhtuma eriline kokkuvõtmismoment;konkurent üldse sättima;partner teos laulma;seletama sobima värv;üldiselt eriline ime;eesti keel võimalus;žüriiliike veidike kahetsema;hüüdma Ungari rahvusvaheliselt;koor Raivo siga
laulma muusika mõiste;laulma peenem nüanss;toimuma kell 11;maailm kõrge maine;keel võimalus esitamine;tahtma ütlema konkurss;kaks koor Soome;garanteerima Ungari kuur;festival Partok nimel
žüriil veidi täpsemalt;andma paratamatud publike;kindel sõitma Festival;Estonia kontsentraat veidike;inimene olek lava;festival maailm esindaja;arvama laulma laulma;töö 10 laulja;julgelt ütlema Debretsen
kõrge tase ütlema;kontsert kaunis pansion;kultuuriprogramm lõpuks puhkus;12 võtma lint;partma teos esitamine;liikumine värv Ungari;valima muusika laulma;kutse aeg laulupidu;meelekeva aprill kindel
linn õhtu Serenaad;lavastuslikult Ingerimaa õhtu;konkurss miljöö eriti;Lõuna-Karoliina kontsertkoor hea;hääletus no altar;konkurss nägema esinemine;meetma dirigent konkurss;Budapest viimane päev;10 minut kohustuslik
välismaa auhind BBC;delegeerima niisamamoodi folkloorifestival;eesti koor Peela;mäng Victoria Ave;näima kontrollima intonatsiooniliselt;varem konkurs Debretsini;partma teos esitamine;festival konkurss külalismaa;tunduma aru konkurss
tooma meelesoliiva presideaalne;punkt arvestus lugema;olenema esitama eesti;paremini näitama lühike;üpris selge ettekujutus;delegeerima niisamamoodi folkloorifestival;hästi laulma karmine;võtma eesti kool;koor konkus suurem
eesti keel võimalus;taevane liikumine värv;publik žürii põhjus;küllaltki soliidne punkt;ootama nojaa asi;olek lava eriti;sõprusühing inimene koorijuht;Filipiini kammerkoor vanem;loomulikult Ungari muusikapärane
festival käima nimelt;videolint võtma väike;teadma tõsiselt hääletus;päev konkurss nägema;partner teos laulma;preemia tegu folgifestival;Tõnu Kaljuste põhjus;õhtu laureaat kontsert;arv nähtavasti piirama
pinge õnnestuma pingerida;miljöö eriti sümpaatne;osa võtma andma;dirigent konkurss paratamatult;andma suur osa;Lõuna-Karoliina kontsertkoor hea;ime kooriline arvama;näiteks konkurss kaks;võõramaine koor eesti
Ungari koor Monte;punkt meister punkt;punkt võimalik kammerkoorikonkurss;lava eriti meeldima;ütlema koor konkus;Jürgen Jürgens ütlema;klase uudsus moment;plaadifirma Budapest raadio;vanem muusika 11
Peela partner teos;muusikapärane laulma ungari;koht juhtumisi sattuma;varem silm nägema;meeldima mugandama saal;julgelt ütlema Debretsen;naiskoor publik liialt;Lõuna-Karoliina kontsertkoor hea;kolm esimene osa
ütlema õnnestuma montaaž;festival Partok nimel;sobima värv mõtteline;75 aasta siinne;jääma atmosfäär andma;kutsuma kaks kindel;keel võimalus esitamine;tütarlastekoor ütlema tugevam;üldiselt liikumine koorimuusika
muusika mood kontserdisaal;esimene kontsert Lõuna-Karoliina;suur üllatus juhtuma;rahvalaul range konkurss;konkus suurem autoriteet;võib-olla Eesti meeldima;kolm kord hüüdma;korraldama rahvas rahvalaul;Tšehhoslovakkia suur segakoor
suurim autoriteet üldse;suurem keskendumisvõime žüriil;Verde nimeline koor;kestma 14 august;võimelisus vorm kohutavalt;kontsert Peela pardok;minut kohustuslik laul;laulma Britten konkool;üldiselt üpris vähe
ingelema õhtu lõik;esile tõusma Eerika;edukalt delegeerima niisamamoodi;koosseis sõitma Helsingi;kuulma tase üpris;kuulama avaldama soov;olulisem laulja viga;tervitama kontsert õnnestuma;joon algama üpris
narveerimine konkurss miljöö;kultuuriprogramm lõpuks puhkus;Tšehhi kaks koor;käsikiri mäng Victoria;publike asi arvama;partner teos laulma;publik liialt harjuma;kaks koor Jugoslaavia;veidike väiksem Tartu
andma suurem õnnestumine;kohalik ülikool videomakk;osalema kammerkoor kategooria;konkurss kõrge tase;ettepanek press avaldama;Budapest televisioon õpetlik;serenaad õhtuja kuulama;juhtum laulma Gennadi;mõiste õismägi Mustamäe
Budapest viimane päev;kunst muusika žüriiliike;muusika žüriiliike veidike;fänn Roode raadio;preemia jälle panema;kontsert võluv itaalia;torm julgelt ütlema;konkurss meetma dirigent;hääletus no altar
partma nimeline saal;juhtuma eriline kokkuvõtmismoment;osavõtja Tallinn paraku;lavastuslikult Ingerimaa õhtu;käima andma kümmekond;järjestus koor esitama;jälle publik maailm;ettekanne koor absoluutne;käima nimelt festival
koor Peela partma;suur eksperimentaalshow taevane;kuues juuli seitsmes;asi loomulik jätk;soliidne punkt kogus;koorimuusika viimane aasta;teadmine ootama festival;kindel sõitma Festival;paratamatult koor hästi
nimeline festival käima;tundma huvi festival;inimene tingimata kohtuma;laure kontslane kulgema;õnnestumine veidimsemaima varem;teadmine ootama festival;žüriil veidi täpsemalt;osavõtja Tallinn paraku;eesti rahvas Veljo
laulma Britten konkool;osalema 28 surema;kutse meelekeva aprill;kammersaal seletama sobima;moment terve preemia;rahvas rahvalaul tohtima;kutse laskma kaua;sõitma Helsingi muusikafestival;kontsert päev seitsmes
avanema võim vaade;pingerida eesots teadma;ülikool saal veidikene;laulma põhiliselt tormine;arvama esile tõusma;aasta rääkima kaks;laul järjest pluss;partituur täitmine Žürii;kindel arv nähtavasti
Estonia kontsentraat veidike;hukkuma esimene õhtune;Holland brüsseli festival;sõitma Helsingi muusikafestival;olenema esitama eesti;temperamentne publik kontsert;võimalus üldse järjekord;Plovdiv konservatoorium tütarlastekoor;elanik hea meel
lõik Inger maa;nimi Erik Eriksson;presideaalne esinemispaik võib-olla;halvem valmistama esindaja;laud partituur näima;siinne Bulgaaria alane;laulma kaks kohustuslik;maa võtma kolm;koor eesti keel
mägi avanema võim;võimalik kammerkoorikonkurss 150;ilming jääma atmosfäär;Tormis käsikiri mäng;võim vaade doonoleja;situatsioon tahtma kiitma;koht juhtumisi sattuma;serenaad lõhe Tšehhoslovakkia;rääkima kaks võit
nimeline rahvusvaheline koorifestiv;partner teos laulma;sõitma sõitma teadmine;Peela partok seatud;ime võib-olla tavaline;täis jälle publik;Verde nimeline koor;arvama laulma laulma;ütlema Debretsen sõitma
Budapest finantsiline nimi;kõrgelt hea kvaliteedisfäär;mugavalt tuba kuulma;vanem muusika 11;preemia kuldmedal punkt;kontserdisaal paistma konkurss;Serenaad laulmine erinev;Verde nimeline koor;august töö 10
tõsiselt hääletus no;kõrge maine Debretsini;Plovdiv konservatoorium tütarlastekoor;asula andma kontsert;selge nägu koor;torm julgelt ütlema;käima kurss konkurss;majakarp kõlama imeliselt;28 surema kaheksa
programm Savena 10;seadma Peela partner;Kaljuste põhjus kolm;edukalt delegeerima niisamamoodi;tegemine klase uudsus;hästi laulma dirigent;õhtu konkurss üldiselt;folkloorifestiva 28 koorima;aru konkurss tähtis
kooril Plovdiv konservatoorium;meeldima mugandama saal;suvi puhkus kolmas;leidma ase folkloorifestiva;tekkiv üldiselt eriline;Soome Tšehhi kaks;laulupidu Arvo Ratassepp;aasta konkurss eesti;panema kark tundma
Savena 10 minut;andma kontsert võluv;tütarlastekoor ütlema tugevam;kark tundma kaunikesti;jääma hindamine kriteerium;minut ulatus lava;esimene juhtum laulma;kontsert lõpetama Rovoneedmine;Savena 10 minut
üpris nimi siiamaani;lämberg Jürgen Jürgens;tähendama põhimõte lavastuslikult;meeskoor võitma meeskoor;suvi ilus elamus;Arvo Ratassepp ettepanek;osavõtja kammerkoorikonkurss kuu;õhtune kontsert Peela;28 koorima 12
nägema esinemine videolint;koorikooriühing esimees lausuma;nõukogu zürii liige;Filipiini kammerkoor vanem;küllaltki soliidne punkt;Jugoslaavia kutsuma kaks;nojaa asi teadma;partma kohustuslik laul;kaba linn elanik
lihtsalt festival konkursiprogramm;preemia tegu folgifestival;laulmine erinev linnapaik;Eerika koor Raivo;kohustuslik laul programm;koor Debretsini maksimaalne;juhtum laulma Gennadi;Festival üheksas korraldus;14 august töö
viimane aasta nähtus;üldse toimuma kontsert;eriti kasulik koor;laulupidu Arvo Ratassepp;reglement teadma kutsuma;zürii liige aasta;kuulmine algama lõpetama;laul järjest pluss;Housen kammerkoor fänn
kuur kõrge tase;rajoon majakarp kõlama;osavõtja kammerkoorikonkurss kuu;suurem kontsert kontsert;avangardprogramm tugevam kartma;soojasõna tahtma kord;muusika mõiste õismägi;Euroopa riik kutsuma;sõit loomulikult Ungari
arusaamine muusika mood;kutsuma kaks kindel;partma nimeline saal;Tšehhoslovakkia suur segakoor;kandma looming printsiip;kultuuriprogramm lõpuks puhkus;kohustuslik laul programm;mõnus kammersaal seletama;esitama moora olenema
jälle pilt selge;sättima olukord konkurss;jätma eelvõistlus finaal;Arvo Ratassepp ettepanek;suurem kontsert kontsert;dirigent nõudma dirigent;esinema avangardprogramm tugevam;Jürgens ütlema koorimus;Peela partner teos
ilming jääma atmosfäär;hea kooril Plovdiv;koor Jugoslaavia kutsuma;folgifestival kuulutama koor;vanem kammerkoor kategooria;tingimata kohtuma lootma;minut saal proov;Veljo Tormis Ingerimaa;ungarlane võitma maailm
Ingerimaa õhtu esimene;tooma meelesoliiva presideaalne;näppama keha sobiv;Debretsini esinema Filipiini;siga vast bulgaaria;laulma Veljo Tormis;pakkuma aasta rääkima;kaunikesti sümpaatne noortekoor;saal päev kammerkoor
võtma eesti kool;situatsioon õige sõitma;kontsentraat veidike väiksem;hotell buda mägi;nüanss esile tooma;koor Publica panema;dema kloriana tants;Budapest televisioon õpetlik;Jürgen Jürgens ütlema
võluv itaalia meeskoor;koor Bloutivi konservatoorium;panema kark tundma;kontsert lõpetama Rovoneedmine;tase üpris selge;Juhlavik reis elamusterikas;maailm esindaja kuulama;lavastuslikult Ingerimaa õhtu;päev seitsmes 12
Publica panema kark;partituur täitmine Žürii;konservatoorium naiskoor üheksas;esimene muusika ehitama;võitma publikkuma paat;lõpetama festival Partok;kontsert laulma Veljo;Estonia kontsentraat veidike;videolint võtma väike
sõitma Budapest viimane;tähendama põhimõte lavastuslikult;esimene preemia kuldmedal;Gennadi laadne muusika;tohtima pinge sattuma;Akadeemia meeskoor ütlema;nimi varem kogema;kolmekordselt pärjatu sattumine;inimene tingimata kohtuma
Kuuno areng Arvo;suuruselt suutma täis;ettepanek tundma huvi;folgikategooria lihtsalt edukalt;kahetsema ettepanek press;hea meel tervitama;koor Debretsini maksimaalne;preemia jälle panema;võtma eesti kool
tehn nimi varem;eesti kool antseet;lint kuulma tase;Ingerimaa õhtu esimene;saal proov publik;esinema avangardprogramm tugevam;lõpetama festival Partok;Tormis laul tehn;raske serveerima hea
aasta siinne Bulgaaria;kammersaal seletama sobima;koor selletaoline tähendama;kaks koor Jugoslaavia;kooriline arvama laulma;küsima raud ettekanne;näiteks konkurss kaks;maailm esindaja kuulama;töö 10 laulja
järjest pluss valik;õnnestuma montaaž müüma;hea kvaliteedisfäär olemine;Debretsini õnnestuma kutsuma;inimene tingimata kohtuma;rääkima elav ettekanne;valmistama esindaja käima;avangardprogramm tugevam kartma;õhtu lõik Inger
nägema kuulma temperamentne;valima muusika laulma;küllalt raske serveerima;väiksem Tartu riiklik;printsiip esinev koor;kontserdiandmine tekkiv üldiselt;võtma lint plaadifirma;Eesti meeldima mugandama;kontsert minek saal
Holland brüsseli festival;Debretsen sõitma Budapest;aasta nähtus helilooja;partituur täitmine Žürii;hästi sobistama meel;tase osa võtma;kartma sõit loomulikult;koor Publica panema;Budapest viimane päev
laureaat kontsert Arsenal;nimeline rahvusvaheline koorifestiv;televisioon õpetlik jälgima;lihtsalt edukalt delegeerima;no altar publik;koorikooriühing esimees lausuma;itaalia meeskoor võitma;esinemispaik võib-olla Eesti;konkurss tähtis asi
moment torm festival;pinge õnnestuma pingerida;lugema õigesti kuus;päev seitsmes serenaa;garanteerima Ungari kuur;mõnus kammersaal seletama;käima varem Kuuno;kultuuriprogramm lõpuks puhkus;varem Kuuno areng
üpris kõrgelt hea;laulmine erinev linnapaik;teade Budapest koor;müüma Budapest televisioon;arvama laulma laulma;kammerkoor fänn Roode;Britten konkool dema;koor Bloutivi konservatoorium;12 võtma lint
vorm kohutavalt autoriteetne;Debretsen kuues juuli;tõusma Eerika koor;publik žürii põhjus;kirjutatud partituur liikumine;ettekanne koor absoluutne;tormiline kirjutama arusaamine;delegeerima niisamamoodi folkloorifestival;koor Monte Verde
aprill kindel sõitma;laulja emotsionaalne külg;kahtlustama tõsiselt aeg;võtma väike videomakk;inimene magama aken;andma põhjus üpris;Tormis külaline lint;Arvo Ratassepp ettepanek;varem tavaliselt aeg
ütlema kutse aeg;tõsiselt hääletus no;hääletus no altar;võtma lint plaadifirma;seadma Peela partner;lõpuks puhkus käsi;kategooria suur eksperimentaalshow;meeskoor kategooria esimene;Inger maa võtma
kannataja nimetus Peela;kaheksa esimene preemia;rauaneeline plaat kandma;nähtus helilooja kirjutatud;lootma inimene tingimata;juhtum laulma Gennadi;suur üllatus juhtuma;konkurss nõukogu zürii;väike täis Budapest
neljas kood üldse;tähtis asi tähtis;nimi varem kogema;Juhlavik reis elamusterikas;elamus koor Publica;aasta ettepanek rahvalaul;kloriana tants kaks;nägema ütlema õnnestuma;laulma ungari keel
Festival üheksas korraldus;altar publik žürii;laureaat kontsert Arsenal;ootama festival tase;intervjuu inflatsioon küsima;ilusasti proovima esimene;karmine tormine vanem;aasta rääkima kaks;muusikafestival Helsingi Juhlavik
rahvalaulukonkurss osalema 28;koorimuusika viimane aasta;eriline kokkuvõtmismoment sündima;Debretsen sõitma Budapest;sattuma esimene koht;kohustuslik laul programm;kell 11 inimene;külalismaa täpne reglement;kutse laskma kaua
hea kvaliteedisfäär olemine;serveerima hea külg;dirigent Tõnu Kaljuste;hästi laulma dirigent;pansion hotell buda;raadio koor Bloutivi;dirigeerima sõltuv asi;itaalia meeskoor võitma;riiklik ülikool saal
temperamentne temperamentne temperamentne;Euroopa võrdlemisi võimelisus;kaunikesti sümpaatne noortekoor;tegemine klase uudsus;dema kloriana tants;konservatoorium naiskoor üheksas;Jürgen Jürgens ütlema;kood üldse käima;Ungari koor Monte
publik suurem kontsert;liige aasta ettepanek;BBC konkurss Holland;vähe Euroopa riik;toimuma Peela partma;kõlama imeliselt ilusasti;inimene tingimata kohtuma;laulmine erinev linnapaik;hüüdma Ungari rahvusvaheliselt
Bulgaaria alane nimi;saal saal kohanemisaeg;tähtis asi tähtis;suurem mõnus kammersaal;osa võtma andma;kontrollima intonatsiooniliselt intervjuu;muusikus koosseis sõitma;kammerkoor konkurss 10;andma kümmekond võrdne
Arvo Ratassepp ettepanek;sobima värv mõtteline;esitama moora olenema;itaalia meeskoor võitma;kaua ootama nojaa;keel võimalus esitamine;laulja Hortu muusikus;10 laulja Hortu;Mustamäe rajoon majakarp
kutsuma festival maailm;võtma andma teatud;koosseis sõitma Helsingi;järjekord jõudma Debretsen;sõitma sõitma teadmine;kooril Plovdiv konservatoorium;Budapest televisioon õpetlik;kammerkoor fänn Roode;Filipiinid jõle jääma
vanem kammerkoor kategooria;faas esimene õhtune;10 minut kohustuslik;vanem kammerkoor kategooria;atmosfäär andma paratamatud;ettepanek tundma huvi;nimi Erik Eriksson;konkurs Debretsini esinema;sattuma esimene koht
võitma meeskoor kategooria;kontsert Arsenal kriter;raadio koor Bloutivi;11 inimene magama;Peela partner teos;Tormis külaline lint;kultuuriprogramm lõpuks puhkus;olukord konkurss osavõtja;aasta konkurss eesti
tegemine klase uudsus;inimene olek lava;selge nägu koor;teadma näiteks konkurss;valik programm kaheksa;Tartu riiklik ülikool;eksimine interpretatsioon õnnestumine;Juhlavik reis elamusterikas;meeskoor ütlema kutse
soovintsis toredam aed;kahetsema ettepanek press;andma paratamatud publike;intervjuu inflatsioon küsima;buda mägi avanema;üldse käima kurss;põhjus kahtlustama tõsiselt;valik programm kaheksa;konkurss kaks koor
nõukogu zürii liige;põhjus kolm kord;10 laulja Hortu;kaks vesi partma;hea meel tervitama;tormine arvatud laureaat;konkurss nõukogu zürii;kolmas võit suurem;võit jälgima inimene
Akadeemia meeskoor ütlema;kategooria kaunikesti sümpaatne;võimelisus vorm kohutavalt;jääma kooritud Ungari;dirigeerima sõltuv asi;edukalt delegeerima niisamamoodi;kontsert Arsenal kriter;12 õhtu laureaat;tugevam 75 aasta
mugandama saal eriline;doonoleja parlamendihoone kaunis;viimane laure kontslane;Jugoslaavia kutsuma kaks;seadma tahtma ütlema;žüriiliike veidike kahetsema;zürii liige aasta;Tormis käsikiri mäng;juuli seitsmes päev
jääma hindamine kriteerium;koorifestiv korraldama aasta;kammersaal seletama sobima;erinev linnapaik sattuma;ütlema kutse aeg;pilk täis jälle;reglement teadma kutsuma;10 sõitma depretsen;harjuma liialt väärtus
asi tähtis edu;naiskoor konkurss osa;bulgaaria naiskoor publik;naiskoor üheksas kammerkoor;teadma võimalus sattuma;Eriksson Veski lämberg;kiri täpselt järjekord;bulgaaria naiskoor publik;konkurss ungarlane võitma
andma suur osa;rääkima elav ettekanne;üldse koormus saar;kaheksa minut ulatus;pinge sattuma kunst;kohustuslik lugu Peela;kontrollima intonatsiooniliselt intervjuu;viimane laure kontslane;esimene muusika ehitama
võib-olla terve kontsert;interpretatsioon õnnestumine veidimsemaima;Monte Verde nimeline;siinne Bulgaaria alane;minimaalne kuskilt viis;moment terve preemia;võitma publikkuma paat;antseet juhatatud Üliõpilass;Veljo Tormis külaline
paremini selge nägu;Inger maa võtma;jääma hindamine kriteerium;käima koorijuht segakoor;serveerima hea külg;jätma eelvõistlus finaal;meelekeva aprill kindel;kuu jätma eelvõistlus;esimene õhtune kontsert
kuulma tase üpris;osavõtja Tallinn paraku;spetsialist üpris nimi;tunduma aru konkurss;ulatus lava 11;olemine suur elamus;varem konkurs Debretsini;koorimus spetsialist üpris;esitama eesti rahvas
võimelisus vorm kohutavalt;kohanemisaeg minimaalne kuskilt;14 august töö;Budapest televisioon õpetlik;terve preemia tegu;koor Monte Verde;näima kontrollima intonatsiooniliselt;seadma Peela partner;konkurss eesti koor
kolmas võit suurem;käima andma kümmekond;intervjuu inflatsioon küsima;esitama eesti rahvas;publik liialt harjuma;arusaamine muusika mood;selletaoline tähendama põhimõte;ütlema tugevam 75;tants kaks vesi
punkt arvestus kiri;muusikus koosseis sõitma;algama lõpetama nootis;algama üpris kõrgelt;soovintsis toredam aed;eriti meeldima ingelema;sööma päev konkurss;suurem keskendumisvõime žüriil;üpris kõrgelt hea
torm festival varem;Savena 10 minut;Eerika koor Raivo;11 leidma ase;moment torm festival;Debretsini esinema Filipiini;jätma eelvõistlus finaal;Ungari Euroopa võrdlemisi;koorifestival juht direktor
koor hästi laulma;koor absoluutne kuulmine;kannataja nimetus Peela;Peela partma nimeline;Peela partok seatud;neljas koor neljas;kooril Plovdiv konservatoorium;nähtus helilooja kirjutatud;koorimuusika viimane aasta
koorimuusika viimane aasta;Tšehhoslovakkia suur segakoor;12 õhtu laureaat;sattuma Teaduste Akadeemia;auta pinge õnnestuma;põhjus kolm kord;käima andma kümmekond;esimene koht juhtumisi;suutma huumor hoidma
kaks kohustuslik laul;üldse käima kurss;põhiliselt tormine arvatud;ungarlane võitma maailm;tase garanteerima Ungari;itaalia meeskoor võitma;Euroopa riik kutsuma;lõpetama festival Partok;programm kaheksa minut
inimene magama aken;esinemispaik võib-olla Eesti;serenaa serenaad õhtuja;esimene kontsert Lõuna-Karoliina;partak teos kuulama;kartma sõit loomulikult;BBC konkurss Holland;serenaad õhtuja kuulama;altar publik žürii
atmosfäär andma paratamatud;piirama seadma tahtma;esinema avangardprogramm tugevam;suurem võitma publikkuma;vesi partma kohustuslik;Nõukogu sõprusühing inimene;meelesoliiva presideaalne esinemispaik;aasta plaat Raud;kõrge maine Debretsini
Tšehhoslovakkia suur segakoor;minut ulatus lava;saal kohanemisaeg minimaalne;koor Publica panema;arvestus kiri täpselt;hea nimi Erik;Tormis laul tehn;edukalt delegeerima niisamamoodi;välismaa auhind BBC
vanem muusika 11;suurem võitma publikkuma;suurim autoriteet üldse;toimuma kell 11;tähelepanek kontsert minek;käima varem Kuuno;Tormis käsikiri mäng;Maria maa lugema;naiskoor konkurss osa
konkurss kõrge tase;elamusterikas suvi ilus;mägi avanema võim;festival nägema sõitma;tagasihoidlik soov halvem;kaba asula andma;küsima raud ettekanne;esimene muusika ehitama;tõusev joon algama
töö 10 laulja;printsiip esinev koor;meeskoor võitma meeskoor;Helsingi Juhlavik reis;kuulma temperamentne temperamentne;võitma publikkuma paat;küllalt raske serveerima;kutse meelekeva aprill;bulgaaria naiskoor publik
Soome Tšehhi kaks;esile situatsioon tahtma;taevane liikumine värv;serenaa kaheksas õhtune;minut ulatus lava;hästi võitma välismaa;ettekanne maa gigant;täis jälle publik;kuulama pela partma
Teaduste Akadeemia meeskoor;rongisõit linn õhtu;järjest pluss valik;tase garanteerima Ungari;nägema esinemine videolint;suurem keskendumisvõime žüriil;aasta siinne Bulgaaria;kutsuma kõrgem konkurent;absoluutne kuulmine algama
kaunikesti pime moment;publik žürii põhjus;suur eksperimentaalshow taevane;meeskoor kategooria esimene;keha sobiv lava;põhjus kahtlustama tõsiselt;Ave Maria maa;kontrollima intonatsiooniliselt intervjuu;Veski lämberg Jürgen
Helsingi muusikafestival Helsingi;lõpetama Rovoneedmine viis;sümpaatne Estonia kontsentraat;Kammerkoor ellerhein dirigent;väärtus suutma hindama;jääma atmosfäär andma;ala vaikselt valima;riiklik ülikool saal;serenaad lõhe Tšehhoslovakkia
12 õhtu laureaat;kulgema kontsert tõusev;klase uudsus moment;soovintsis toredam aed;publik pela partak;kolmas august kestma;kategooria esimene koht;Stahl saal päev;kloriana tants kaks
kontsert andmine võimalus;täis pilk täis;Euroopa võrdlemisi võimelisus;brüsseli festival toretsema;minek saal saal;buda mägi avanema;õhtu lõik Inger;Kuuno areng Arvo;Teaduste Akadeemia meeskoor
juuli seitsmes päev;soovintsis toredam aed;kümmekond võrdne auta;laureaat kontsert lõpetama;hindamine kriteerium esimene;laureaat kontsert Arsenal;seitsmes serenaa kaheksas;Hortu muusikus koosseis;Ungari Nõukogu sõprusühing
kokkuvõtmismoment sündima teatud;Hortu muusikus koosseis;kaunis pansion hotell;joon algama üpris;sobiv lava laulma;fänn Roode raadio;liikumine tormiline kirjutama;konkurss Holland brüsseli;fänn Roode raadio
konkus suurem autoriteet;paat faas esimene;vaste eksimine interpretatsioon;Bloutivi konservatoorium naiskoor;paat faas esimene;võimalus sattuma Teaduste;nimeline Stahl saal;kontsert Arsenal kriter;kolmas august kestma
teade Budapest koor;nimi koor esinema;päev rongisõit linn;programm Savena 10;sümpaatne tunduma aru;võit kolmas võit;jõudma Debretsen kuues;küsima raud ettekanne;Peela pardok nimeline
28 surema kaheksa;kogema sööma päev;suurem keskendumisvõime žüriil;värv Ungari koor;gigant torm julgelt;teatud ime võib-olla;halvem valmistama esindaja;välismaa auhind BBC;kannataja nimetus Peela
aasta konkurss näol;põhjus kahtlustama tõsiselt;Tormis Ingerimaa õhtu;terve preemia tegu;koormus saar silm;välismaa auhind BBC;temperamentne temperamentne temperamentne;fänn Roode raadio;kontsert võluv itaalia
kolm kord hüüdma;plaat Raud needmine;Budapest finantsiline nimi;10 laulja Hortu;täpne reglement teadma;Euroopa võrdlemisi võimelisus;mõnus kammersaal seletama;kõrge tase garanteerima;Budapest raadio aasta
helilooja kirjutatud partituur;päev konkurss nägema;Victoria rahvalaul osas;Budapest viimane päev;neljas koor neljas;esindaja käima varem;75 aasta siinne;aasta siinne Bulgaaria;esitamine üpris suur
rongisõit linn õhtu;laulma Gennadi laadne;lämberg Jürgen Jürgens;imeliselt ilusasti proovima;maa gigant torm;laskma kaua ootama;no altar publik;eesti rahvas Veljo;koor absoluutne kuulmine
laulja viga paremini;rahvalaulukonkurss osalema 28;halvem valmistama esindaja;Budapest raadio aasta;maksimaalne punkt meister;toimuma kell 11;proovima esimene juhtum;nimi siiamaani suurim;hoidma publik pela
põhjus kolm kord;jälgima inimene olek;programm Savena 10;lava 11 minut;laulma laulma vaste;autoriteetne küllaltki hea;õpetlik jälgima päev;eksperimentaalshow taevane liikumine;teos esitamine küllaltki
kammerkoor kategooria suur;linnapaik sattuma serenaad;laulma Veljo Tormis;Peela partner teos;kontsert Arsenal kriter;jääma hindamine kriteerium;tõsiselt hääletus no;Kammerkoor ellerhein dirigent;150 45 rahvalaulukonkurss
teatud kinnitus töö;teatud ime võib-olla;minut jälle pilt;temperamentne publik kontsert;Housen kammerkoor fänn;suutma huumor hoidma;meister punkt Lõuna-Karoliina;võtma lint plaadifirma;kolm kord hüüdma
laulma vaste eksimine;Veljo Tormis seadma;rahvalaul tohtima pinge;võimalik kammerkoorikonkurss 150;Raivo siga vast;andma kümmekond võrdne;laul programm Savena;kuldmedal punkt arvestus;küllalt raske serveerima
varem tavaliselt aeg;täitsa serenaa serenaad;saar silm kunst;preemia kuldmedal punkt;kell 11 inimene;programm võib-olla terve;Ratassepp ettepanek tundma;järjekord jõudma Debretsen;keha sobiv lava
tugevam kartma sõit;10 sõitma depretsen;pardok nimeline Stahl;laul järjest pluss;hea külg esile;kloriana tants kaks;partner teos laulma;kiitma situatsioon õige;10 laulja Hortu
külg esile situatsioon;Tallinn paraku ilming;konkool dema kloriana;arv nähtavasti piirama;kaks võit kolmas;külalismaa täpne reglement;päratama nimeline rahvusvaheline;järjekord sattuma lihtsalt;11 leidma ase
elanik hea meel;hüüdma Ungari rahvusvaheliselt;viis lisapala lisapala;10 minut kohustuslik;kammerkoor vanem kammerkoor;küllalt raske serveerima;intervjuu inflatsioon küsima;väiksem Tartu riiklik;no altar publik
päratama nimeline rahvusvaheline;juht direktor pluss;inimene magama aken;teade Budapest koor;kaba asula andma;esimene preemia kuldmedal;tütarlastekoor ütlema tugevam;pime moment terve;pela partma teos
dirigent Tõnu Kaljuste;lõpetama nootis raha;suutma huumor hoidma;kammerkoorikonkurss 150 45;osa publik publik;kiri täpselt järjekord;rongisõit linn õhtu;partituur liikumine tormiline;Tormis seadma Peela
suurem mõnus kammersaal;jääma kooritud Ungari;temperamentne temperamentne temperamentne;vast bulgaaria naiskoor;mäng Victoria Ave;meelekeva aprill kindel;autoriteet üldse koormus;14 august töö;soov halvem valmistama
jääma kooritud Ungari;ilus elamus soovintsis;käima varem Kuuno;laureaat kontsert Arsenal;festival andma kutse;seitsmes päev rongisõit;arvestus lugema maksimaalne;teatud ime võib-olla;Arsenal kriter Victoria
finantsiline nimi koor;kaheksa minut ulatus;Erik Eriksson Veski;raadio koor Bloutivi;elamus soovintsis toredam;hotell buda mägi;Raivo siga vast;tõusev joon algama;Arvo Ratasepa Veljo
uudsus moment torm;majakarp kõlama imeliselt;järjekord jõudma Debretsen;ulatus lava 11;temperamentne temperamentne temperamentne;veidike väiksem Tartu;vaade doonoleja parlamendihoone;toimuma kell 11;tahtma kord nägema
koorifestival juht direktor;gigant torm julgelt;Juhlavik reis elamusterikas;üldiselt üpris vähe;panema kark tundma;maailm kõrge maine;erinev linnapaik sattuma;tõsiselt hääletus no;näppama keha sobiv
osa eriti kasulik;nägema kuulma temperamentne;75 aasta siinne;Savena 10 minut;Kammerkoor ellerhein dirigent;ettepanek press avaldama;magama aken lahti;meelesoliiva presideaalne esinemispaik;raha suur üllatus
aken lahti kuulama;sõltuv asi loomulik;Arvo Ratassepp ettepanek;publik pela partak;ase folkloorifestiva 28;linn elanik hea;kammerkoor kategooria kohustuslik;Rovoneedmine viis lisapala;pikkus 10 minut
kuskilt viis minut;esindaja kuulama avaldama;Maria maa lugema;no altar publik;pela partma teos;üheksas korraldus kannataja;atmosfäär andma paratamatud;konkurss miljöö eriti;mood kontserdisaal paistma
suutma hindama loomulikult;inflatsioon küsima raud;Filipiinid jõle jääma;Maria maa lugema;muusika laulma muusika;aed linn ;taevane liikumine värv;korraldus kannataja nimetus;Veljo Tormis Ingerimaa
kolm esimene osa;kurss konkurss osalema;külalismaa täpne reglement;gigant torm julgelt;Ave Maria maa;televisioon õpetlik jälgima;osalema 28 surema;Monte Verde nimeline;lava 11 minut
ettepanek press avaldama;võib-olla tavaline kontserdiandmine;koorijuht segakoor Teaduste;11 minut jälle;Ungari koor Monte;mäng Victoria Ave;hotell buda mägi;kloriana tants kaks;osa publik publik
korraldama aasta konkurss;põhjus üpris suur;õismägi Mustamäe rajoon;koor Debretsini maksimaalne;Kuuno areng Arvo;tõsiselt hääletus no;kandma looming printsiip;halvem valmistama esindaja;pilt selge ülejäänud
14 august töö;buda mägi avanema;lõpetama Rovoneedmine viis;toretsema no konkurss;lämberg Jürgen Jürgens;intervjuu inflatsioon küsima;noortekoor Filipiinid jõle;nimi Erik Eriksson;nimi Erik Eriksson
laul tehn nimi;jõle jääma kooritud;antseet juhatatud Üliõpilass;punkt Lõuna-Karoliina kontsertkoor;Victoria Ave Maria;kammerkoor kategooria folgikategooria;suutma huumor hoidma;punkt meister punkt;seitsmes 12 võtma
koor selletaoline tähendama;Verde nimeline koor;28 koorima 12;zürii liige aasta;festival toretsema no;pikkus 10 minut;vesi partma kohustuslik;Victoria Ave Maria;kammerkoor konkurss 10
toimuma kell 11;laulma karmine tormine;Housen kammerkoor fänn;Budapest koor Debretsini;Arvo Ratasepa Veljo;magama aken lahti;11 inimene magama;pansion hotell buda;tähtis asi tähtis
