lemma;upos;ner tag;fc_count;stopword;rfc_count;fcTotalCount;rfcTotalCount;simpleMathsScore
järgnevalt;ADV;O;1;no;19346;4536;932020281;10.178698939775867
kuulma;VERB;O;2;no;283532;4536;932020281;1.4479008852580946
ehk;ADV;O;1;yes;980699;4536;932020281;0.21026623982999582
kirjutamata;ADJ;O;1;no;2796;4536;932020281;55.36554202425173
memuaare;NOUN;O;1;no;44;4536;932020281;211.47497398670168
.;PUNCT;O;164;no;1;4536;932020281;36117.45103527047
tänane;ADJ;O;1;no;182212;4536;932020281;1.12700301772496
moto;NOUN;O;1;no;11005;4536;932020281;17.291070859911212
inimene;NOUN;O;19;no;2532682;4536;932020281;1.5412359620875913
võima;AUX;O;3;yes;3045930;4536;932020281;0.20261749496157666
võtma;VERB;O;22;no;2139597;4536;932020281;2.1122407260214406
vabadus;NOUN;O;1;no;96571;4536;932020281;2.116897127290213
aga;ADV;O;5;yes;4573369;4536;932020281;0.22479745692111733
tema;PRON;O;54;yes;9154483;4536;932020281;1.212005303027182
ei;AUX;O;70;yes;10371475;4536;932020281;1.3867524693095876
saama;AUX;O;9;yes;7285159;4536;932020281;0.25393295313175474
melu;NOUN;O;1;no;5991;4536;932020281;29.814135327818814
mina;PRON;O;112;yes;11806985;4536;932020281;1.9490125502404463
olema;AUX;O;243;yes;44175299;4536;932020281;1.1302591637587303
viskama;VERB;O;3;no;146787;4536;932020281;4.179201492594177
,;PUNCT;O;439;no;1;4536;932020281;96678.57499527716
see;PRON;O;86;yes;18819336;4536;932020281;0.9389616832809813
siis;ADV;O;131;yes;4827992;4536;932020281;5.574273559389007
võib-olla;ADV;O;4;yes;138681;4536;932020281;5.893572043930997
isegi;ADV;O;5;yes;696839;4536;932020281;1.4736800564413481
41.;ADJ;O;2;no;1;4536;932020281;441.4434661028943
aasta;NOUN;O;8;no;4056916;4536;932020281;0.40531502365109584
varakeva;NOUN;O;1;no;1;4536;932020281;221.2211971574155
kadriorg;PROPN;O;3;no;19819;4536;932020281;29.7502263350472
jalutama;VERB;O;2;no;67544;4536;932020281;6.0148896664664875
ja;CCONJ;O;282;yes;30008401;4536;932020281;1.9308657003053071
tütarlaps;NOUN;O;1;no;20620;4536;932020281;9.577007669992376
ka;ADV;O;33;yes;7949676;4536;932020281;0.8529539917404043
või;CCONJ;O;23;yes;4123906;4536;932020281;1.1459321291846176
40.;ADJ;O;2;no;1;4536;932020281;441.4434661028943
kevad;NOUN;O;1;no;161443;4536;932020281;1.2711552748555388
tõesti;ADV;O;2;yes;300214;4536;932020281;1.367694337798701
teadma;VERB;O;17;no;1482710;4536;932020281;2.354984091739805
kumb;ADJ;O;1;yes;34695;4536;932020281;5.793464115354156
toode;NOUN;O;2;no;548238;4536;932020281;0.7499967069910106
väga;ADV;O;12;yes;2228455;4536;932020281;1.1064001525485336
niisugune;DET;O;8;yes;62699;4536;932020281;25.847562384660513
ilus;ADJ;O;1;no;318744;4536;932020281;0.6456657692170221
ilm;NOUN;O;3;no;211073;4536;932020281;2.9119477888997505
palju;ADV;O;9;yes;2035102;4536;932020281;0.9087169424169862
seal;ADV;O;67;yes;913842;4536;932020281;15.050214821435093
see;DET;O;69;yes;18819336;4536;932020281;0.7533627677101017
lauluväljak;NOUN;O;1;no;9979;4536;932020281;18.91700851242953
poole;ADP;O;4;yes;344486;4536;932020281;2.3820974731645546
minev;ADJ;O;1;yes;13562;4536;932020281;14.240621962254329
tee;NOUN;O;7;yes;665143;4536;932020281;2.160770002231282
ääres;ADP;O;2;yes;83940;4536;932020281;4.852903293986294
kes;PRON;O;15;yes;3572087;4536;932020281;0.8628584543185724
istuma;VERB;O;3;no;226540;4536;932020281;2.7139493871830256
muru;NOUN;O;1;no;33561;4536;932020281;5.983931295476115
kõik;PRON;O;14;yes;3161580;4536;932020281;0.9098899252818893
veidi;ADV;O;1;no;286148;4536;932020281;0.7189767624125697
otsustama;VERB;O;4;no;383510;4536;932020281;2.140295154768592
laskma;VERB;O;15;no;478673;4536;932020281;6.428226433668672
tuttav;ADJ;O;1;no;147915;4536;932020281;1.386684551328672
tütar;NOUN;O;1;no;104348;4536;932020281;1.9605226422265247
sõber;NOUN;O;1;no;334302;4536;932020281;0.615700827028105
seltskond;NOUN;O;1;no;79785;4536;932020281;2.5571293739091816
nagu;SCONJ;O;17;yes;1703742;4536;932020281;2.0496313746967965
rohkem;ADV;O;2;yes;1094826;4536;932020281;0.37588199143029194
isa;NOUN;O;4;no;231885;4536;932020281;3.5341891769930127
noh;INTJ;O;17;yes;116046;4536;932020281;29.86846030737589
ühesõnaga;ADV;O;1;no;36873;4536;932020281;5.45969455910337
hakkama;VERB;O;5;yes;1534212;4536;932020281;0.669833724371097
kahtel;ADJ;O;1;no;1;4536;932020281;221.2211971574155
mustlasnaine;NOUN;O;1;no;97;4536;932020281;200.5828916553378
jälgima;VERB;O;1;no;189257;4536;932020281;1.0852564634383792
muudkui;ADV;O;1;yes;27213;4536;932020281;7.333583755642427
käsi;NOUN;O;11;no;695582;4536;932020281;3.246341394768233
vaatama;VERB;O;6;no;1204593;4536;932020281;1.0234238684795007
teine;PRON;O;8;yes;2488232;4536;932020281;0.6607466414073734
käima;VERB;O;8;no;1068320;4536;932020281;1.5381843897573522
et;SCONJ;O;63;yes;12219169;4536;932020281;1.059374069313816
ega;ADV;O;8;yes;709853;4536;932020281;2.3139299779594844
ikka;ADV;O;15;yes;1124710;4536;932020281;2.7388899965913636
lahti;ADV;O;4;no;266613;4536;932020281;3.07544275140189
muidu;ADV;O;1;yes;238354;4536;932020281;0.8625822072371073
kui;SCONJ;O;28;yes;8931430;4536;932020281;0.6441905979994185
tulema;VERB;O;30;yes;3338518;4536;932020281;1.8461385199534392
raha;NOUN;O;1;no;549163;4536;932020281;0.3752149281946469
ikkagi;ADV;O;4;yes;271472;4536;932020281;3.0205846170995883
andma;VERB;O;2;no;1683851;4536;932020281;0.24446810172638195
ütlema;VERB;O;13;no;1762423;4536;932020281;1.515330691692918
küll;ADV;O;12;yes;1083797;4536;932020281;2.2739265689505066
tainstja;NOUN;O;1;no;1;4536;932020281;221.2211971574155
näitama;VERB;O;2;no;578982;4536;932020281;0.7102358149391874
usumis;VERB;O;1;no;1;4536;932020281;221.2211971574155
rääkima;VERB;O;10;no;1111753;4536;932020281;1.847468434779093
aga;CCONJ;O;36;yes;4573369;4536;932020281;1.6172784310922768
sina;PRON;O;22;yes;3764412;4536;932020281;1.2007701148993248
tahtma;VERB;O;4;no;1254286;4536;932020281;0.6555191050497124
rubla;NOUN;O;1;no;14620;4536;932020281;13.27183605766854
teenema;VERB;O;1;no;1;4536;932020281;221.2211971574155
nii;ADV;O;33;yes;3438422;4536;932020281;1.9717373691900126
mis;PRON;O;27;yes;9028438;4536;932020281;0.6145137230698476
kena;ADJ;O;1;no;90103;4536;932020281;2.2673017801045847
tore;ADJ;O;3;no;251855;4536;932020281;2.4421647494268357
edasi;ADV;O;6;yes;604955;4536;932020281;2.0362923094682097
minema;VERB;O;30;yes;2265890;4536;932020281;2.71970505965696
üks;DET;O;38;yes;3227082;4536;932020281;2.419091743366105
pikk;ADJ;O;7;no;403450;4536;932020281;3.559097217177637
reis;NOUN;O;2;no;138374;4536;932020281;2.9566253199834778
oskama;VERB;O;5;no;442667;4536;932020281;2.3180647150651166
kas;ADV;O;18;yes;2001493;4536;932020281;1.8474725202611026
üle;ADP;O;8;yes;1448447;4536;932020281;1.1347665057231728
v;NOUN;O;4;yes;103460;4536;932020281;7.882014267776665
maa;NOUN;O;2;no;416323;4536;932020281;0.9871078519595982
naerma;VERB;O;2;no;78841;4536;932020281;5.163095308891486
kaugemale;ADV;O;2;no;36772;4536;932020281;10.923920147488648
soome;PROPN;O;2;no;304283;4536;932020281;1.3494608044182688
saama;VERB;O;25;yes;7285159;4536;932020281;0.7051419049431613
üle;ADV;O;3;yes;1448447;4536;932020281;0.4259393446465203
maha;ADV;O;7;no;411840;4536;932020281;3.4867550423572795
miski;PRON;O;24;yes;1421997;4536;932020281;3.4662700585038433
täpsemalt;ADV;O;1;no;74862;4536;932020281;2.723220944999924
kuidas;ADV;O;4;yes;1325101;4536;932020281;0.6205119938284109
sealt;ADV;O;16;yes;263206;4536;932020281;12.4498605268794
tagasi;ADV;O;6;yes;880987;4536;932020281;1.3989527966090398
muidugi;ADV;O;12;yes;425640;4536;932020281;5.782362700919238
hea;ADJ;O;3;no;1655352;4536;932020281;0.37273048733403075
arvama;VERB;O;3;no;778296;4536;932020281;0.7922553270354433
arreteerima;VERB;O;4;no;7484;4536;932020281;97.76822842911504
press;NOUN;O;1;no;17219;4536;932020281;11.371474459263661
viima;VERB;O;25;no;562042;4536;932020281;9.126048301599756
meel;NOUN;O;7;no;391428;4536;932020281;3.6681487630366316
mustlane;NOUN;O;1;no;4083;4536;932020281;41.15713436233823
ennustus;NOUN;O;1;no;14948;4536;932020281;12.99770780405896
kui;ADV;O;2;yes;8931430;4536;932020281;0.04611050311818636
mees;NOUN;O;14;no;1081890;4536;932020281;2.6574430256689956
ilmuma;VERB;O;2;no;138432;4536;932020281;2.9553948426464056
uks;NOUN;O;4;no;234696;4536;932020281;3.492026934299297
neljateistkümnes;ADJ;O;1;no;766;4536;932020281;121.55559379621346
juuni;NOUN;O;2;no;213091;4536;932020281;1.9244458201186359
hommik;NOUN;O;9;no;260284;4536;932020281;7.082944635541138
kolm;NUM;O;2;no;673341;4536;932020281;0.610844115662954
üks;NUM;O;1;yes;3227082;4536;932020281;0.06394143960905123
ohvitser;NOUN;O;7;no;14963;4536;932020281;90.54627786660689
munder;NOUN;O;2;no;3746;4536;932020281;88.04487412373757
eesti;ADJ;O;8;no;3051164;4536;932020281;0.5388777926329202
keel;NOUN;O;8;no;565820;4536;932020281;2.901986596355294
teine;ADJ;O;2;yes;2488232;4536;932020281;0.1654674836343007
punaarmee;NOUN;O;2;no;7906;4536;932020281;46.60271120608175
julgeolekumunder;NOUN;O;1;no;1;4536;932020281;221.2211971574155
nüüd;ADV;O;18;yes;1119295;4536;932020281;3.3023888300109534
eraisik;NOUN;O;1;no;25289;4536;932020281;7.871694591706275
vist;ADV;O;10;yes;352771;4536;932020281;5.811797850036925
nähtavasti;ADV;O;1;no;10286;4536;932020281;18.39931274545431
kolmas;ADJ;O;1;no;379744;4536;932020281;0.5422034815395229
madrus;NOUN;O;3;no;3171;4536;932020281;150.46173495697246
püss;NOUN;O;1;no;13021;4536;932020281;14.792773132855755
vene;ADJ;O;12;no;243755;4536;932020281;10.080608838572507
täitma;VERB;O;1;no;261751;4536;932020281;0.785752590000571
evakueerima;VERB;O;2;no;6239;4536;932020281;57.43613748802567
nõukogu;NOUN;O;2;no;249180;4536;932020281;1.6467649428691813
kaugem;ADJ;O;2;no;16022;4536;932020281;24.293689635992507
ringkond;NOUN;O;2;no;19321;4536;932020281;20.336507892372484
ajutiselt;ADV;O;1;no;34003;4536;932020281;5.908222233013114
nõukogu;PROPN;O;1;no;249180;4536;932020281;0.8252456771292888
liit;PROPN;O;1;no;470171;4536;932020281;0.4381289328432962
saatma;VERB;O;3;no;381468;4536;932020281;1.6144025034027394
töötav;ADJ;O;1;no;57939;4536;932020281;3.506035100967715
oma;PRON;O;15;yes;4547218;4536;932020281;0.6778601531046342
eriala;NOUN;O;2;no;74300;4536;932020281;5.47473941614933
mõtlema;VERB;O;5;no;868033;4536;932020281;1.1833517029469374
udujutt;NOUN;O;1;no;693;4536;932020281;127.01617693531313
töötama;VERB;O;1;no;495634;4536;932020281;0.41566248012332196
mingi;DET;O;15;yes;1065792;4536;932020281;2.89016616338909
juht;NOUN;O;1;no;825155;4536;932020281;0.24985728920514735
jurisprudents;NOUN;O;1;no;113;4536;932020281;197.51182564366732
ast;PROPN;O;1;no;1463;4536;932020281;86.18042409594453
mitte;ADV;O;11;yes;1399096;4536;932020281;1.6150550298420603
mõhkugi;NOUN;O;1;no;987;4536;932020281;107.5568953483969
jah;ADV;O;3;yes;416617;4536;932020281;1.4785031698252948
jaa;INTJ;O;2;no;28548;4536;932020281;13.971350862821222
vul;NOUN;O;1;no;65;4536;932020281;207.02072712898828
korraga;ADV;O;4;no;108080;4536;932020281;7.547969399850526
tunne;NOUN;O;1;no;252383;4536;932020281;0.8148109942553202
terve;ADJ;O;2;no;343388;4536;932020281;1.1962002861547354
elu;NOUN;O;5;no;958923;4536;932020281;1.0712984928180156
läbi;ADV;O;3;yes;954418;4536;932020281;0.64620038408679
kah;ADV;O;14;yes;106457;4536;932020281;26.795456540222013
juba;ADV;O;17;yes;1852141;4536;932020281;1.8854914605948108
asi;NOUN;O;12;no;1426594;4536;932020281;1.7278803358295947
kaasa;ADV;O;10;no;517303;4536;932020281;3.9666374759970044
võimalik;ADJ;O;2;no;944251;4536;932020281;0.43576291358523045
ise;PRON;O;6;yes;3519608;4536;932020281;0.3504471111526617
laskuma;VERB;O;1;no;13608;4536;932020281;14.195569163317058
tegema;VERB;O;11;yes;3824221;4536;932020281;0.5911194360293974
panema;VERB;O;11;no;1364289;4536;932020281;1.6562316742011851
läbiotsimine;NOUN;O;2;no;4523;4536;932020281;75.50397350923002
ära;ADV;O;10;yes;1434107;4536;932020281;1.432470074868179
eesti;PROPN;O;2;no;3051164;4536;932020281;0.13494847608071517
lai;ADJ;O;1;no;113143;4536;932020281;1.8093695098763551
laualipp;NOUN;O;1;no;151;4536;932020281;190.58171592538096
vabadussõda;NOUN;O;1;no;15157;4536;932020281;12.828864649932518
ajalool;NOUN;O;1;no;28;4536;932020281;214.99948242756784
tõnisson;PROPN;O;1;no;7837;4536;932020281;23.537847663802005
pätsu;ADV;O;1;no;21;4536;932020281;216.57866852360118
hästi;ADV;O;3;no;574427;4536;932020281;1.0729779638136168
elulood;PROPN;O;1;no;1;4536;932020281;221.2211971574155
laidoner;PROPN;O;1;no;3694;4536;932020281;44.61801959293404
elulugu;NOUN;O;1;no;12828;4536;932020281;15.000258671128062
kõik;DET;O;7;yes;3161580;4536;932020281;0.45509231706600656
juus;NOUN;O;2;no;160234;4536;932020281;2.5555989163895294
raamat;NOUN;O;3;no;523824;4536;932020281;1.1764468175368872
lubama;VERB;O;2;no;305810;4536;932020281;1.3427430203779245
selge;ADJ;O;5;no;278364;4536;932020281;3.6817253447302125
lühiajaline;ADJ;O;1;no;18406;4536;932020281;10.673474354443835
viimine;NOUN;O;1;no;19802;4536;932020281;9.954840437969004
tega;ADV;O;1;no;1052;4536;932020281;104.03314195504852
suvitama;VERB;O;1;no;1899;4536;932020281;72.9079423839593
kusagile;ADV;O;4;no;13038;4536;932020281;58.8989404987445
viija;NOUN;O;1;no;261;4536;932020281;173.00951779458327
otstarbekohane;ADJ;O;1;no;444;4536;932020281;150.000596927952
talveriie;NOUN;O;2;no;1044;4536;932020281;208.43698354173748
algul;ADV;O;2;yes;80763;4536;932020281;5.0416256140489315
vastama;VERB;O;1;no;364411;4536;932020281;0.56495909892083
tükk;ADJ;O;1;no;113827;4536;932020281;1.798585096226561
aeg;NOUN;O;11;no;2446460;4536;932020281;0.9238905240097325
pärast;ADP;O;2;yes;1109488;4536;932020281;0.3709188408587124
siiski;ADV;O;3;yes;567432;4536;932020281;1.086183375467165
alla;NOUN;O;1;yes;636821;4536;932020281;0.32364231445587627
uus;ADJ;O;2;no;1948565;4536;932020281;0.21127280652604888
köitants;NOUN;O;1;no;1;4536;932020281;221.2211971574155
läbima;VERB;O;1;no;113510;4536;932020281;1.8035671078522197
nisuke;NOUN;O;1;yes;242;4536;932020281;175.8094531034496
ette;ADV;O;1;yes;726267;4536;932020281;0.2838340781251477
rägelt;ADV;O;1;no;1;4536;932020281;221.2211971574155
39.;ADJ;O;1;no;1;4536;932020281;221.2211971574155
kord;NOUN;O;2;no;1307042;4536;932020281;0.31489593860621995
lööther;NOUN;O;1;no;1;4536;932020281;221.2211971574155
lobja;PROPN;O;1;no;238;4536;932020281;176.41050064410655
toidukraam;NOUN;O;1;no;2327;4536;932020281;63.333101895160695
tädi;NOUN;O;2;no;26810;4536;932020281;14.8466370731847
sinna;ADV;O;25;yes;368635;4536;932020281;13.902019984693816
pood;NOUN;O;1;no;210193;4536;932020281;0.9776380992657902
mõni;DET;O;5;yes;1272983;4536;932020281;0.807189820498404
vene-eesti;NOUN;O;1;no;432;4536;932020281;151.32023065203106
sõnaraamat;NOUN;O;1;no;7860;4536;932020281;23.476272453672273
niukne;ADJ;O;1;no;130;4536;932020281;194.3502089626933
kirjutusvahend;NOUN;O;1;no;1190;4536;932020281;97.2676205703843
kõrvalmajja;NOUN;O;1;no;1;4536;932020281;221.2211971574155
kus;ADV;O;9;yes;1609423;4536;932020281;1.1489259115321453
perekond;NOUN;O;2;no;118986;4536;932020281;3.434643982812604
nali;NOUN;O;2;no;86009;4536;932020281;4.737415151762917
laps;NOUN;O;2;no;1520720;4536;932020281;0.27067667331252016
kahtma;VERB;O;1;no;1;4536;932020281;221.2211971574155
niikaua;ADV;O;1;yes;14159;4536;932020281;13.677263676786403
baldwin;PROPN;O;1;no;954;4536;932020281;109.43883563411597
konks;NOUN;O;1;no;14439;4536;932020281;13.42811731177679
kohvrike;NOUN;O;1;no;190;4536;932020281;183.9573375189002
koos;ADV;O;2;yes;876826;4536;932020281;0.46923605056560025
pakkima;VERB;O;1;no;33759;4536;932020281;5.949777834813755
puha;ADV;O;1;no;11535;4536;932020281;16.555990034726427
veoauto;NOUN;O;1;no;15137;4536;932020281;12.84483185194682
sõitma;VERB;O;6;no;521379;4536;932020281;2.3621233937224853
saba;NOUN;O;1;no;33663;4536;932020281;5.9662882651445575
jätma;VERB;O;3;no;517566;4536;932020281;1.1906459155009566
patarei;PROPN;O;1;no;25809;4536;932020281;7.718623349671593
vangla;NOUN;O;1;no;37982;4536;932020281;5.3041002200367915
hoopis;ADV;O;2;yes;292629;4536;932020281;1.4030326859972224
vene;PROPN;O;1;no;243755;4536;932020281;0.8435423476812658
sadam;NOUN;O;1;no;94961;4536;932020281;2.1524388629134106
kaubajaam;NOUN;O;2;no;719;4536;932020281;249.4673817934381
loomavagun;NOUN;O;3;no;478;4536;932020281;437.82884428093183
ešelon;NOUN;O;3;no;808;4536;932020281;354.79330717232295
jaajaa;NOUN;O;1;no;139;4536;932020281;192.71704485581841
naine;NOUN;O;3;no;833512;4536;932020281;0.739830995295541
reisser;NOUN;O;1;no;79;4536;932020281;204.15402877063377
vagun;NOUN;O;31;no;9079;4536;932020281;636.3546354255973
eraldi;ADV;O;3;no;186558;4536;932020281;3.2926955211677793
lööma;VERB;O;3;no;276199;4536;932020281;2.227637849479782
lahku;ADV;O;1;no;18741;4536;932020281;10.491722195514177
järeldama;VERB;O;1;no;19621;4536;932020281;10.042507656442877
tagantjärele;ADV;O;1;no;15635;4536;932020281;12.458719795960166
siin;ADV;O;9;yes;862092;4536;932020281;2.1438321136928464
laager;NOUN;O;17;no;69925;4536;932020281;49.30991088451611
sundasumine;NOUN;O;2;no;131;4536;932020281;387.4579950642884
perekonnaliige;NOUN;O;1;no;3498;4536;932020281;46.592080948301245
eraldi;ADJ;O;1;no;186558;4536;932020281;1.1008792000001983
naise-laps;NOUN;O;1;no;39;4536;932020281;212.5639057944334
selg;NOUN;O;2;no;166043;4536;932020281;2.466690563030305
suur;ADJ;O;7;no;1643508;4536;932020281;0.8752127808303054
loomavagun;ADJ;O;1;no;478;4536;932020281;146.38361328291296
vend;NOUN;O;2;no;119545;4536;932020281;3.4187076160107512
sisse;ADV;O;7;yes;548285;4536;932020281;2.62052134204146
tohutult;ADV;O;1;no;25437;4536;932020281;7.827513549439339
seesama;DET;O;1;yes;50200;4536;932020281;4.036685083058712
päev;NOUN;O;12;no;1364591;4536;932020281;1.8063365484831142
karske;ADJ;O;1;no;718;4536;932020281;125.09171306056707
too;DET;O;1;yes;164945;4536;932020281;1.2443186113743465
õhtu;NOUN;O;4;no;324267;4536;932020281;2.530202558992601
pistma;VERB;O;1;no;40789;4536;932020281;4.9472391169917245
sõjavägi;NOUN;O;1;no;33077;4536;932020281;6.0690917241823925
staabiülem;NOUN;O;1;no;1517;4536;932020281;84.2801773167383
kindral;NOUN;O;1;no;15467;4536;932020281;12.58635333076019
tõrbama;VERB;O;1;no;1;4536;932020281;221.2211971574155
veel;ADV;O;33;yes;1878717;4536;932020281;3.6078559212337127
sama;DET;O;1;yes;1115714;4536;932020281;0.1848426983897972
keskpäev;NOUN;O;1;no;12341;4536;932020281;15.550632724522412
välja;ADV;O;14;yes;1818512;4536;932020281;1.5815478760331085
?;PUNCT;O;10;no;1;4536;932020281;2203.221617666725
ei;ADV;O;5;yes;10371475;4536;932020281;0.09913718527823291
teine;DET;O;5;yes;2488232;4536;932020281;0.41310706252083707
tuttav;NOUN;O;2;no;147915;4536;932020281;2.7671075041433766
jätkuma;VERB;O;1;no;142945;4536;932020281;1.4345853363646939
suurne;ADJ;O;1;no;16;4536;932020281;217.72093664203817
kahepoolne;ADJ;O;1;no;16252;4536;932020281;12.011383841485832
kahekordne;ADJ;O;1;no;20128;4536;932020281;9.80074381605332
puu;NOUN;O;2;no;172993;4536;932020281;2.3681222294727586
tara;NOUN;O;1;no;4827;4536;932020281;35.84010013229683
trellitama;VERB;O;1;no;307;4536;932020281;166.58634785895666
kahpuutor;NOUN;O;1;no;1;4536;932020281;221.2211971574155
füüsiline;ADJ;O;1;no;115955;4536;932020281;1.7658407498006792
vajadus;NOUN;O;3;no;373968;4536;932020281;1.6466991641669753
rahuldus;NOUN;O;1;no;7028;4536;932020281;25.93006754362668
vot;INTJ;O;2;yes;36691;4536;932020281;10.947438661561623
linn;NOUN;O;3;no;630723;4536;932020281;0.9773492337134748
vare;NOUN;O;1;no;16572;4536;932020281;11.791797554017483
raudtee;NOUN;O;3;no;40742;4536;932020281;14.813726774624755
peal;ADP;O;4;yes;291839;4536;932020281;2.8104536866631658
ehitama;VERB;O;2;no;248416;4536;932020281;1.6518106152388046
mingisugune;DET;O;2;yes;53640;4536;932020281;7.547378760546578
ümber;ADV;O;1;yes;295225;4536;932020281;0.6969406409448877
tähelepanu;NOUN;O;1;no;236366;4536;932020281;0.8698086199393995
pöörama;VERB;O;4;no;132027;4536;932020281;6.188518774866867
vott;NOUN;O;1;no;385;4536;932020281;156.7203379573228
nuid;ADV;O;1;no;1;4536;932020281;221.2211971574155
vot;ADV;O;1;yes;36691;4536;932020281;5.4861056340871235
jaoks;ADP;O;1;yes;839975;4536;932020281;0.24545384752049723
keretöö;NOUN;O;1;no;2418;4536;932020281;61.61272058727821
veenõu;NOUN;O;2;no;520;4536;932020281;283.6569930726309
vesi;NOUN;O;7;no;442367;4536;932020281;3.246645846739003
tuubima;VERB;O;1;no;1;4536;932020281;221.2211971574155
täis;ADV;O;2;no;306210;4536;932020281;1.34099432702864
nari;NOUN;O;3;no;1935;4536;932020281;215.32723508589118
pea;NOUN;O;2;yes;496234;4536;932020281;0.8284470176705617
tass;NOUN;O;1;no;27071;4536;932020281;7.37077149049572
võima;VERB;O;1;yes;3045930;4536;932020281;0.06774309507981344
sest;SCONJ;O;6;yes;1381737;4536;932020281;0.8923054336995789
üksikult;ADV;O;2;no;3389;4536;932020281;95.31908669811136
ruum;NOUN;O;1;no;280220;4536;932020281;0.7341361564063312
öö;NOUN;O;3;no;160344;4536;932020281;3.827894245947206
jooksul;ADP;O;2;yes;563451;4536;932020281;0.7297804717510249
tooma;VERB;O;14;no;815211;4536;932020281;3.525776431740864
15.;ADJ;O;2;no;1;4536;932020281;441.4434661028943
üles;ADV;O;3;yes;452987;4536;932020281;1.3600389550998189
balti;ADJ;O;1;no;73879;4536;932020281;2.7590034564384798
jaam;NOUN;O;8;no;37780;4536;932020281;42.48568672919336
kaup;NOUN;O;1;no;169075;4536;932020281;1.2140902369432092
juurde;ADP;O;8;yes;555562;4536;932020281;2.9554796752034393
aken;NOUN;O;4;no;144553;4536;932020281;5.655698378483377
kolivalvur;NOUN;O;1;no;1;4536;932020281;221.2211971574155
nägema;VERB;O;7;no;1467770;4536;932020281;0.9799366400976391
ükskord;ADV;O;2;no;36974;4536;932020281;10.865706917678851
naisterahvas;NOUN;O;1;no;21789;4536;932020281;9.084269147348516
mööda;ADP;O;2;yes;208665;4536;932020281;1.9650837890574395
vihaline;ADJ;O;1;no;1;4536;932020281;221.2211971574155
hõikama;VERB;O;1;no;9293;4536;932020281;20.186156884060683
ahjaa;ADV;O;1;no;13441;4536;932020281;14.360507360294891
teene;NOUN;O;1;no;12966;4536;932020281;14.851314026152576
sugulane;NOUN;O;2;no;40855;4536;932020281;9.856546459145612
teade;NOUN;O;3;no;134005;4536;932020281;4.575079164763736
kirjutama;VERB;O;3;no;789980;4536;932020281;0.7805514826081033
aadress;NOUN;O;1;no;149270;4536;932020281;1.3741750154147399
paluma;VERB;O;1;no;368602;4536;932020281;0.5585517224585038
p;NOUN;O;1;yes;140342;4536;932020281;1.4610178369980709
märk;NOUN;O;1;no;143901;4536;932020281;1.4251160621694599
number;NOUN;O;3;no;209229;4536;932020281;2.937497872904632
teatama;VERB;O;2;no;302888;4536;932020281;1.3556568997921759
telegrafeerima;VERB;O;1;no;84;4536;932020281;203.14935380209036
kohe;ADV;O;6;yes;544479;4536;932020281;2.2620794848794312
tartu;PROPN;O;4;no;629479;4536;932020281;1.3052109922350479
ema;NOUN;O;3;no;319178;4536;932020281;1.9285480332698826
järgmine;ADJ;O;4;yes;666308;4536;932020281;1.2331685274968258
jal;NOUN;O;1;no;536;4536;932020281;140.6001444301356
kihlatu;NOUN;O;1;no;2581;4536;932020281;58.75396297917593
vaguninumber;NOUN;O;1;no;1;4536;932020281;221.2211971574155
järele;ADP;O;1;yes;148035;4536;932020281;1.3855675111553132
suits;NOUN;O;1;no;33975;4536;932020281;5.912961400698945
ainult;ADV;O;7;yes;949084;4536;932020281;1.514958582101673
jutt;NOUN;O;2;no;338783;4536;932020281;1.2124153546353287
natukene;ADV;O;1;no;66090;4536;932020281;3.0796425215114183
hüvasti;ADV;O;1;yes;9568;4536;932020281;19.657472843977285
torkama;VERB;O;3;no;19113;4536;932020281;30.798050657402815
veevagun;NOUN;O;1;no;1;4536;932020281;221.2211971574155
kahke;ADJ;O;1;no;1;4536;932020281;221.2211971574155
vargapoiss;NOUN;O;1;no;221;4536;932020281;179.01147701925657
kreml;PROPN;O;1;no;17276;4536;932020281;11.335876188052683
suli;NOUN;O;2;no;2232;4536;932020281;130.17479984634033
niu;ADJ;O;3;no;417;4536;932020281;457.62658926467594
naistevagun;NOUN;O;1;no;10;4536;932020281;219.10766434440305
pross;NOUN;O;1;no;2296;4536;932020281;63.94131559515076
tuul;NOUN;O;1;no;114753;4536;932020281;1.7841883334040252
leht;NOUN;O;1;no;285755;4536;932020281;0.7199623594143146
pärast;ADV;O;4;yes;1109488;4536;932020281;0.7409983414101742
kriminaalne;ADJ;O;1;no;6677;4536;932020281;27.12620756845217
element;NOUN;O;1;no;74714;4536;932020281;2.728548874987025
toibuma;VERB;O;1;no;2940;4536;932020281;53.30650372566276
liialt;ADV;O;2;no;30400;4536;932020281;13.145520240796644
aegvii;PROPN;O;1;no;1;4536;932020281;221.2211971574155
sulipoiss;NOUN;O;1;no;35;4536;932020281;213.4431589392573
ainukene;ADJ;O;1;no;4207;4536;932020281;40.16404922511888
tundma;VERB;O;1;no;633313;4536;932020281;0.3254323753988983
koolipõlv;NOUN;O;1;no;58;4536;932020281;208.48448006184657
meratama;VERB;O;1;no;1;4536;932020281;221.2211971574155
ajaleht;NOUN;O;2;no;75716;4536;932020281;5.373598760658856
müüja;NOUN;O;1;no;66300;4536;932020281;3.070023222153547
poiss;NOUN;O;1;no;218655;4536;932020281;0.9399638615745065
nihuke;NOUN;O;1;yes;358;4536;932020281;160.00047950794058
sulipoiss;ADJ;O;1;no;35;4536;932020281;213.4431589392573
traat;NOUN;O;1;no;18092;4536;932020281;10.849644843004688
liminema;VERB;O;1;no;1;4536;932020281;221.2211971574155
jäänud;ADJ;O;1;no;718;4536;932020281;125.09171306056707
seniajani;ADV;O;1;no;3359;4536;932020281;48.10134886774921
peatus;NOUN;O;4;no;57149;4536;932020281;14.166751708492994
pikkama;VERB;O;1;no;37;4536;932020281;213.0026250038499
tihedalt;ADV;O;2;no;26804;4536;932020281;14.849848774846896
köik;ADV;O;2;no;6498;4536;932020281;55.433994957211944
peatama;VERB;O;1;no;53865;4536;932020281;3.766698672236664
viss;NOUN;O;1;no;673;4536;932020281;128.59891303452522
levima;VERB;O;1;no;51228;4536;932020281;3.957127746941342
lüüta;PROPN;O;1;no;1;4536;932020281;221.2211971574155
mööda;ADV;O;8;yes;208665;4536;932020281;7.846994981644969
aegviidus;PROPN;O;1;no;1;4536;932020281;221.2211971574155
suurem;ADJ;O;1;no;679318;4536;932020281;0.3034235316151938
pikem;ADJ;O;3;no;145414;4536;932020281;4.218410236626397
juur;NOUN;O;1;no;53020;4536;932020281;3.8256929482890265
tapalt;NOUN;O;1;no;1;4536;932020281;221.2211971574155
tulemine;NOUN;O;1;no;14141;4536;932020281;13.693596882845474
läbi;ADP;O;1;yes;954418;4536;932020281;0.21605051463154631
kodukoht;NOUN;O;1;no;10676;4536;932020281;17.781142566817355
kuna;SCONJ;O;4;yes;980678;4536;932020281;0.8382345089155967
krunt;NOUN;O;2;no;54228;4536;932020281;7.466924498771587
ulatama;VERB;O;1;no;14897;4536;932020281;13.039585512611946
kuni;ADP;O;1;yes;832158;4536;932020281;0.24775697524902354
teadsili;NOUN;O;1;no;1;4536;932020281;221.2211971574155
naaber;NOUN;O;2;no;65848;4536;932020281;6.167648722714176
vanem;NOUN;O;5;no;336166;4536;932020281;3.0504220573400955
pidama;VERB;O;3;yes;3575612;4536;932020281;0.17261008016179857
lehm;NOUN;O;3;no;25592;4536;932020281;23.27503687233758
hobune;NOUN;O;5;no;62470;4536;932020281;16.218587861923297
jaa;NOUN;O;1;no;28548;4536;932020281;7.001483091515931
kaks;NUM;O;6;no;1334057;4536;932020281;0.9241747018601819
just;ADV;O;2;yes;812006;4536;932020281;0.5066508104105742
söötma;VERB;O;1;no;10305;4536;932020281;18.368202457012924
karjatama;VERB;O;1;no;3522;4536;932020281;46.34102462789577
keelama;VERB;O;1;no;111607;4536;932020281;1.8340648694079262
nuid;NOUN;O;1;no;1;4536;932020281;221.2211971574155
kritserdama;VERB;O;1;no;1;4536;932020281;221.2211971574155
kirjake;NOUN;O;1;no;1333;4536;932020281;91.1267176132487
tikudoos;NOUN;O;1;no;1;4536;932020281;221.2211971574155
bee;NOUN;O;1;no;1789;4536;932020281;75.85531977700398
kohaliselt;ADV;O;1;no;15;4536;932020281;217.95083767056963
alla;ADV;O;1;yes;636821;4536;932020281;0.32364231445587627
hoituitsioon;NOUN;O;1;no;1;4536;932020281;221.2211971574155
praegu;ADV;O;1;yes;544031;4536;932020281;0.3787483844840333
kirjakene;NOUN;O;1;no;17;4536;932020281;217.49152011533067
alles;ADV;O;3;yes;354356;4536;932020281;1.7375974274467232
trööstima;VERB;O;1;no;634;4536;932020281;131.80152648033825
vast;ADV;O;1;no;71085;4536;932020281;2.866042815012482
tundmatu;ADJ;O;1;no;34491;4536;932020281;5.826828483218806
tulevik;NOUN;O;2;no;242274;4536;932020281;1.6935259510149283
kindlasti;ADV;O;1;no;603773;4536;932020281;0.34132983291432667
meedia;NOUN;O;1;no;108461;4536;932020281;1.886810173124159
ligidale;ADP;O;1;yes;1040;4536;932020281;104.66619716015398
branko;PROPN;O;1;no;485;4536;932020281;145.66048651703684
millal;ADV;O;2;yes;126295;4536;932020281;3.2373288777749183
lootma;VERB;O;3;no;292518;4536;932020281;2.1037570535921213
ära;AUX;O;2;yes;1434107;4536;932020281;0.2870135940333425
muretsema;VERB;O;1;no;68548;4536;932020281;2.9706937721117996
kohtuma;VERB;O;1;no;156435;4536;932020281;1.3116081321639463
no;INTJ;O;4;no;322221;4536;932020281;2.546222197092215
mäletama;VERB;O;6;no;147820;4536;932020281;8.294092930463528
sukelpeatus;NOUN;O;1;no;1;4536;932020281;221.2211971574155
juurde;ADV;O;1;yes;555562;4536;932020281;0.3709004158404887
represseerimine;NOUN;O;1;no;985;4536;932020281;107.66910792790316
või;ADV;O;1;yes;4123906;4536;932020281;0.050039265183292506
piinamine;NOUN;O;1;no;7148;4536;932020281;25.54496849721066
algama;VERB;O;2;no;404474;4536;932020281;1.0159585358487082
tallinn;PROPN;O;1;no;826987;4536;932020281;0.24930441079239088
peale;ADP;O;6;yes;1213606;4536;932020281;1.0158291129654067
igalüht;PRON;O;1;no;1;4536;932020281;221.2211971574155
toit;NOUN;O;3;no;282521;4536;932020281;2.1779536849912544
tänav;NOUN;O;4;no;272908;4536;932020281;3.0047448596174497
arreteeritud;VERB;O;1;no;1378;4536;932020281;89.3515374010555
suveriie;NOUN;O;1;no;413;4536;932020281;153.45780762615001
tänavaking;NOUN;O;1;no;111;4536;932020281;197.89055619999806
talvesaabas;NOUN;O;1;no;1876;4536;932020281;73.50511851056258
keeris;NOUN;O;1;no;3657;4536;932020281;44.97776233187413
mena;NOUN;O;1;no;355;4536;932020281;160.37343512146896
olgugi;SCONJ;O;2;yes;18849;4536;932020281;20.821762524784933
ettenägelik;ADJ;O;1;no;1210;4536;932020281;96.35943476623329
vähe;ADV;O;4;no;199626;4536;932020281;4.10265015651844
algus;NOUN;O;1;no;555196;4536;932020281;0.37114451350729755
esimene;ADJ;O;6;no;1425681;4536;932020281;0.8648197249467099
saal;NOUN;O;1;no;88897;4536;932020281;2.2977414524760804
mõni;PRON;O;1;yes;1272983;4536;932020281;0.16202325920408703
table;NOUN;O;1;no;2596;4536;932020281;58.50416015082092
ajama;VERB;O;3;no;269064;4536;932020281;2.286506109980423
leib;NOUN;O;1;no;46423;4536;932020281;4.35864798093609
soolakas;ADJ;O;2;no;872;4536;932020281;228.30990933240872
teisiti;ADV;O;1;no;53202;4536;932020281;3.812830867974755
valve;NOUN;O;2;no;16303;4536;932020281;23.897604996902206
jord;PROPN;O;1;no;110;4536;932020281;198.08046666509003
kasutama;VERB;O;1;no;1455497;4536;932020281;0.14171913677959064
niiviisi;ADV;O;1;no;14848;4536;932020281;13.080075935231191
pealgi;ADV;O;1;no;1;4536;932020281;221.2211971574155
esialgu;ADV;O;2;yes;86491;4536;932020281;4.711295783022165
kaasas;ADV;O;1;yes;86133;4536;932020281;2.3706864463915056
unilt;PROPN;O;1;no;1;4536;932020281;221.2211971574155
virm;NOUN;O;1;no;1;4536;932020281;221.2211971574155
50;NUM;O;1;no;1;4536;932020281;221.2211971574155
kitsas;ADJ;O;1;no;47167;4536;932020281;4.291228019388611
veesõda;NOUN;O;1;no;321;4536;932020281;164.72507800930657
ventilatsioon;NOUN;O;1;no;14624;4536;932020281;13.268423401778945
väike;ADJ;O;1;no;698525;4536;932020281;0.2950915603821483
avama;VERB;O;2;no;239192;4536;932020281;1.715262414426294
kusagil;ADV;O;3;yes;62453;4536;932020281;9.739644277245077
jaamane;NOUN;O;1;no;1;4536;932020281;221.2211971574155
peatuskoht;NOUN;O;1;no;1503;4536;932020281;84.76474103542313
last;NOUN;O;1;no;6665;4536;932020281;27.16905522171374
pang;NOUN;O;1;no;11695;4536;932020281;16.346205117413657
jooginõu;NOUN;O;1;no;643;4536;932020281;131.04838459852712
jääma;VERB;O;6;no;1700286;4536;932020281;0.7252233782481458
18;NUM;O;1;no;1;4536;932020281;221.2211971574155
üheksa;NUM;O;1;no;66964;4536;932020281;3.039999438563975
minut;NOUN;O;1;no;353587;4536;932020281;0.5822081516849724
18.;ADJ;O;2;no;1;4536;932020281;441.4434661028943
poska;PROPN;O;2;no;4478;4536;932020281;76.13200790308396
juures;ADP;O;2;yes;402986;4536;932020281;1.0197012416093751
piir;NOUN;O;2;no;210632;4536;932020281;1.9468135755875782
laulma;VERB;O;2;no;85836;4536;932020281;4.746860714985413
eestimaa;PROPN;O;1;no;52266;4536;932020281;3.8799162533626586
meeemeel;NOUN;O;1;no;1;4536;932020281;221.2211971574155
surema;VERB;O;1;no;131469;4536;932020281;1.558929554295798
käik;NOUN;O;1;no;83407;4536;932020281;2.4473116102994044
varsti;ADV;O;3;no;103849;4536;932020281;5.891787924829443
hall;NOUN;O;1;no;71425;4536;932020281;2.852575503156356
vilets;ADJ;O;1;no;13506;4536;932020281;14.295856323639432
suvi;NOUN;O;2;no;264231;4536;932020281;1.5532924099011294
vatiriie;NOUN;O;1;no;1;4536;932020281;221.2211971574155
raudteejaam;NOUN;O;1;no;13684;4536;932020281;14.121755414042603
nukker;ADJ;O;1;no;10333;4536;932020281;18.32254699825944
informatsioon;NOUN;O;3;no;96692;4536;932020281;6.323725946400668
kett;NOUN;O;1;no;27507;4536;932020281;7.257769835090482
kuupäev;NOUN;O;1;no;97610;4536;932020281;2.0945771453273645
moskva;PROPN;O;2;no;74971;4536;932020281;5.426341471843077
jõudma;VERB;O;8;no;869599;4536;932020281;1.8893143701896442
liikuma;VERB;O;1;no;310463;4536;932020281;0.6628361087749935
lookima;VERB;O;1;no;1;4536;932020281;221.2211971574155
ukraina;PROPN;O;2;no;92377;4536;932020281;4.414103862076499
suunas;ADP;O;2;no;62936;4536;932020281;6.448856641818672
kiiev;PROPN;O;1;no;9580;4536;932020281;19.635032849778067
tüht;NOUN;O;1;no;1;4536;932020281;221.2211971574155
kuhu;ADV;O;2;yes;275114;4536;932020281;1.4920545000781724
mets;NOUN;O;4;no;201146;4536;932020281;4.071790648743984
sese;NOUN;O;1;no;80;4536;932020281;203.9522995833798
keegi;PRON;O;6;yes;909939;4536;932020281;1.3544871363063002
söekaevandus;NOUN;O;1;no;606;4536;932020281;134.20100247362618
alg;NOUN;O;1;no;8734;4536;932020281;21.353551672210507
lei;NOUN;O;1;no;1825;4536;932020281;74.86483322498572
kole;ADV;O;1;no;39572;4536;932020281;5.095885843010751
palav;ADJ;O;1;no;17714;4536;932020281;11.069593426608598
enne;ADV;O;2;yes;841805;4536;932020281;0.4887357465934056
kuum;ADJ;O;2;no;81136;4536;932020281;5.018711373549388
õhk;NOUN;O;1;no;156738;4536;932020281;1.3090875688803403
hingama;VERB;O;1;no;36945;4536;932020281;5.449316287387719
valss;NOUN;O;1;no;3637;4536;932020281;45.17464376187746
põrandalaud;NOUN;O;1;no;1720;4536;932020281;77.8289159452202
pool;NOUN;O;2;yes;622239;4536;932020281;0.6609352703904838
kangutama;VERB;O;1;no;3860;4536;932020281;43.072410263651015
kogu;DET;O;2;yes;815676;4536;932020281;0.5043738201924681
aeg-ajalt;ADV;O;1;no;50215;4536;932020281;4.0355012354775
luge;NOUN;O;1;no;155;4536;932020281;189.88041634797082
lugema;VERB;O;3;no;754128;4536;932020281;0.8176138763288715
väljastpoolt;ADV;O;1;yes;12538;4536;932020281;15.323203620272874
lukk;NOUN;O;1;no;43470;4536;932020281;4.648524148872799
kinni;ADV;O;5;no;325860;4536;932020281;3.146622844911085
venelane;NOUN;O;7;no;61440;4536;932020281;23.075008899418368
ju;ADV;O;1;yes;846605;4536;932020281;0.2435337437726735
julis;PROPN;O;1;no;1;4536;932020281;221.2211971574155
katsuma;VERB;O;1;no;40810;4536;932020281;4.944750209632725
lükkama;VERB;O;1;no;118236;4536;932020281;1.7320407190474827
sumin;NOUN;O;1;no;1889;4536;932020281;73.16638768077266
mentiivne;ADJ;O;1;no;1;4536;932020281;221.2211971574155
ükshaaval;ADV;O;1;no;10562;4536;932020281;17.95749950747527
korras;ADJ;O;1;no;7639;4536;932020281;24.08159784576856
vabanema;VERB;O;1;no;30455;4536;932020281;6.576089787660218
põgenema;VERB;O;2;no;38038;4536;932020281;10.569040093359876
võimalus;NOUN;O;2;no;898809;4536;932020281;0.45777140033062264
hirm;NOUN;O;2;no;108496;4536;932020281;3.763896173313578
märkama;VERB;O;1;no;153187;4536;932020281;1.3392497769492633
põrandala;NOUN;O;1;no;13;4536;932020281;218.41209938537628
olema;VERB;O;1;yes;44175299;4536;932020281;0.004672283233945641
juhtuma;VERB;O;1;no;321293;4536;932020281;0.6405581520484394
veid;NOUN;O;1;no;282;4536;932020281;170.0168166589041
oh;INTJ;O;1;yes;54400;4536;932020281;3.730278823848468
sviit;NOUN;O;1;no;5618;4536;932020281;31.51194266278765
400;NUM;O;1;no;1;4536;932020281;221.2211971574155
kilomeeter;NOUN;O;1;no;103520;4536;932020281;1.9760638710452347
ümber;ADP;O;1;yes;295225;4536;932020281;0.6969406409448877
babõninu;PROPN;O;1;no;1;4536;932020281;221.2211971574155
beati;PROPN;O;1;no;74;4536;932020281;205.16869036655953
20.;ADJ;O;3;no;1;4536;932020281;661.6657350483732
nojah;INTJ;O;1;no;21402;4536;932020281;9.241679775430319
sajand;NOUN;O;1;no;175301;4536;932020281;1.1711985824555549
juuli;NOUN;O;3;no;183812;4536;932020281;3.3416375214954432
21.;ADJ;O;1;no;1;4536;932020281;221.2211971574155
sellepärast;ADV;O;1;yes;114174;4536;932020281;1.7931630598563777
selgesti;ADV;O;1;no;6589;4536;932020281;27.44359885006515
proua;NOUN;O;1;no;35100;4536;932020281;5.728345563898531
kopermann;NOUN;O;1;no;1;4536;932020281;221.2211971574155
12;NUM;O;1;no;1;4536;932020281;221.2211971574155
siber;PROPN;O;2;no;16572;4536;932020281;23.53034903850135
nimetama;VERB;O;1;no;197986;4536;932020281;1.0376328059337883
babon;PROPN;O;1;no;1;4536;932020281;221.2211971574155
jaamastaja;NOUN;O;1;no;1;4536;932020281;221.2211971574155
hunnik;NOUN;O;2;no;24189;4536;932020281;16.395659976456212
viis;NOUN;O;4;no;476964;4536;932020281;1.721754018401451
iga;DET;O;1;yes;1391258;4536;932020281;0.1482583990174758
kõige;ADV;O;1;yes;1014102;4536;932020281;0.20334674445476003
vanem;ADJ;O;2;no;336166;4536;932020281;1.2218277237155024
meesjääke;NOUN;O;1;no;1;4536;932020281;221.2211971574155
asjadehunnik;NOUN;O;1;no;1;4536;932020281;221.2211971574155
kohta;ADP;O;1;yes;1119072;4536;932020281;0.18428850236018188
otsas;ADP;O;1;yes;44644;4536;932020281;4.528782071413442
kaasama;VERB;O;1;no;70928;4536;932020281;2.8723045544358414
selguma;VERB;O;2;no;197232;4536;932020281;2.078458572877607
määrama;VERB;O;2;no;153466;4536;932020281;2.6676229788395887
morsk;ADJ;O;1;no;439;4536;932020281;150.54763696450982
vas;NOUN;O;1;no;1826;4536;932020281;74.83768881501138
haagitud;ADJ;O;1;no;1;4536;932020281;221.2211971574155
otsetee;NOUN;O;1;no;3488;4536;932020281;46.69749241247164
asumispaik;NOUN;O;1;no;16;4536;932020281;217.72093664203817
teekond;NOUN;O;2;no;69393;4536;932020281;5.856744941461676
aim;NOUN;O;1;no;43887;4536;932020281;4.605273882402745
vihmane;ADJ;O;1;no;12172;4536;932020281;15.751186209185038
veelgi;ADV;O;1;yes;149700;4536;932020281;1.3702522421854753
jõgi;NOUN;O;1;no;103008;4536;932020281;1.9857977993169433
üks;PRON;O;2;yes;3227082;4536;932020281;0.12759415052140402
täiesti;ADV;O;3;yes;326178;4536;932020281;1.8872780158571103
lagedale;ADV;O;1;no;4851;4536;932020281;35.69136082975605
plats;NOUN;O;2;yes;64219;4536;932020281;6.321861192848455
ees;ADV;O;2;yes;378189;4536;932020281;1.0863963873162694
kerge;ADJ;O;1;no;177927;4536;932020281;1.1540030981422875
king;NOUN;O;1;no;44583;4536;932020281;4.534851621743217
raske;ADJ;O;2;no;360052;4536;932020281;1.1409804413733355
hüsteeria;NOUN;O;1;no;3091;4536;932020281;51.30569798759815
sattuma;VERB;O;4;no;202984;4536;932020281;4.035089504802088
lage;ADJ;O;2;no;9151;4536;932020281;40.848445734563974
väljak;NOUN;O;1;no;75935;4536;932020281;2.6852070339194243
eespool;ADV;O;1;yes;27988;4536;932020281;7.137058049387757
rivi;NOUN;O;1;no;12475;4536;932020281;15.39520782462582
astuma;VERB;O;1;no;216142;4536;932020281;0.9508455377008296
surm;NOUN;O;1;no;149754;4536;932020281;1.3697611971572767
endine;ADJ;O;2;no;186512;4536;932020281;2.1973264667045007
nimi;NOUN;O;2;no;538710;4536;932020281;0.7632387607148651
vestel;NOUN;O;1;no;138;4536;932020281;192.8971508297685
hai;PROPN;O;1;no;5187;4536;932020281;33.731521396630626
närv;NOUN;O;1;no;27799;4536;932020281;7.1840074426965055
käsutama;VERB;O;1;no;3670;4536;932020281;44.850707066010045
kõikema;VERB;O;1;no;1;4536;932020281;221.2211971574155
üldse;ADV;O;2;no;442655;4536;932020281;0.9285116289652134
jooksusamm;NOUN;O;1;no;682;4536;932020281;127.88182773458486
parkus;NOUN;O;1;no;1;4536;932020281;221.2211971574155
jooksma;VERB;O;2;no;188440;4536;932020281;2.174955445782191
kummuli;ADV;O;2;no;2165;4536;932020281;132.9909620921002
poristuja;NOUN;O;1;no;1;4536;932020281;221.2211971574155
veri;NOUN;O;2;no;67154;4536;932020281;6.0493432438710775
pestapsee;NOUN;O;1;no;1;4536;932020281;221.2211971574155
sünnipäev;NOUN;O;2;no;100813;4536;932020281;4.048116612011238
vana;ADJ;O;3;no;450489;4536;932020281;1.3675649168012138
32;NUM;O;1;no;1;4536;932020281;221.2211971574155
32;X;O;1;no;1;4536;932020281;221.2211971574155
siid;NOUN;O;1;no;4528;4536;932020281;37.802764992141284
kaua;ADV;O;1;no;150565;4536;932020281;1.3624285359020647
võiskus;NOUN;O;1;no;1;4536;932020281;221.2211971574155
kolhoos;NOUN;O;1;no;12788;4536;932020281;15.04399113905131
vanker;NOUN;O;2;no;17074;4536;932020281;22.87433315975706
peale;ADV;O;1;yes;1213606;4536;932020281;0.16994434104847034
jälle;ADV;O;4;no;307793;4536;932020281;2.6652177155837475
juhnjova;PROPN;O;1;no;1;4536;932020281;221.2211971574155
pidama;AUX;O;2;yes;3575612;4536;932020281;0.1151602509163515
jää;NOUN;O;1;no;46864;4536;932020281;4.31843200169154
algul;ADP;O;1;yes;80763;4536;932020281;2.526517073195122
kõrval;ADV;O;1;yes;166213;4536;932020281;1.2348789284177732
praat;PROPN;O;1;no;46;4536;932020281;211.04251879513757
aed;NOUN;O;2;no;129309;4536;932020281;3.162411549758277
kõrgel;ADV;O;2;no;15088;4536;932020281;25.7100615083133
vaat;ADJ;O;1;yes;22698;4536;932020281;8.734815335767179
sumama;VERB;O;1;no;620;4536;932020281;132.99044223956776
peaaegu;ADV;O;2;yes;178114;4536;932020281;2.30039017981258
külge;ADV;O;1;yes;94804;4536;932020281;2.1559687036200277
vaguniviis;NOUN;O;1;no;1;4536;932020281;221.2211971574155
nimekiri;NOUN;O;2;no;121064;4536;932020281;3.376140515405675
jüris;PROPN;O;1;no;142;4536;932020281;192.17873925321922
kutsuma;VERB;O;5;no;330462;4536;932020281;3.1029263463442063
jüri;PROPN;O;1;no;95651;4536;932020281;2.137061596691157
sild;NOUN;O;2;no;72239;4536;932020281;5.628945793118678
vöö;NOUN;O;1;no;18859;4536;932020281;10.429167400385236
laskmine;NOUN;O;2;no;16062;4536;932020281;24.236507899748133
send;NOUN;O;1;no;856;4536;932020281;115.43709303986817
barak;NOUN;O;2;no;178;4536;932020281;371.0524157431467
jäik;ADJ;O;1;no;11955;4536;932020281;16.016414891445475
põrand;NOUN;O;2;no;76564;4536;932020281;5.31479817022188
salv;NOUN;O;1;no;7396;4536;932020281;24.78426523598523
lavamine;NOUN;O;1;no;1;4536;932020281;221.2211971574155
koht;NOUN;O;1;no;1152627;4536;932020281;0.17892787443566566
paistma;VERB;O;1;no;174559;4536;932020281;1.1761505700090518
ukrainlane;NOUN;O;1;no;10091;4536;932020281;18.724801213578413
narr;NOUN;O;1;no;3975;4536;932020281;42.06297339633275
tühi;ADJ;O;2;no;130493;4536;932020281;3.1339215767918813
käigukoht;NOUN;O;1;no;13;4536;932020281;218.41209938537628
lihtsalt;ADV;O;2;no;750446;4536;932020281;0.548160440779068
kõrgem;ADJ;O;1;no;142485;4536;932020281;1.4391866678763565
nisugune;ADJ;O;1;no;13;4536;932020281;218.41209938537628
laud;NOUN;O;1;no;187264;4536;932020281;1.0967493532901582
alus;NOUN;O;1;no;349900;4536;932020281;0.5883267535547309
katus;NOUN;O;1;no;81160;4536;932020281;2.5142987446094067
peal;ADV;O;3;yes;291839;4536;932020281;2.1086361261110405
seimu;PROPN;O;1;no;1;4536;932020281;221.2211971574155
kusjuures;ADV;O;1;yes;87015;4536;932020281;2.346911389100917
luitsiaal;PROPN;O;1;no;1;4536;932020281;221.2211971574155
rahuldav;ADJ;O;1;no;9865;4536;932020281;19.116743153496373
väljakäik;NOUN;O;1;no;296;4536;932020281;168.07854620030355
samasugune;ADJ;O;1;yes;101838;4536;932020281;2.0084053984868966
pool;ADV;O;4;yes;622239;4536;932020281;1.320374931629278
kookima;VERB;O;1;no;35;4536;932020281;213.4431589392573
värska;PROPN;O;1;no;8004;4536;932020281;23.09796274453736
täitsa;ADV;O;1;no;121875;4536;932020281;1.6807171370389633
lahk;ADJ;O;1;no;691;4536;932020281;127.17269522214198
kuulsimeta;NOUN;O;1;no;1;4536;932020281;221.2211971574155
joul;NOUN;O;1;no;44;4536;932020281;211.47497398670168
kordusõppus;NOUN;O;1;no;276;4536;932020281;170.86125686905436
jaotama;VERB;O;1;no;29839;4536;932020281;6.707735448811726
rühm;NOUN;O;1;no;100796;4536;932020281;2.028977492777561
õpperühm;NOUN;O;1;no;1924;4536;932020281;72.26974714013532
klient;NOUN;O;1;no;340279;4536;932020281;0.6049155838078939
määratud;ADJ;O;1;no;67938;4536;932020281;2.9970059932146027
ülemateldama;VERB;O;1;no;1;4536;932020281;221.2211971574155
õppeülesanne;NOUN;O;1;no;925;4536;932020281;111.14787794553345
enam;ADV;O;1;yes;917897;4536;932020281;0.22463794566680642
igatahes;ADV;O;1;yes;107002;4536;932020281;1.9123151625188024
kassima;VERB;O;1;no;38;4536;932020281;212.78303925994746
magama;VERB;O;2;no;160526;4536;932020281;2.550977065568573
olukord;NOUN;O;1;no;489856;4536;932020281;0.42055603438892414
sõba;NOUN;O;1;no;946;4536;932020281;109.90502372267419
silm;NOUN;O;1;no;539388;4536;932020281;0.3820029904270906
natuke;ADV;O;1;no;312289;4536;932020281;0.6589719404840618
väsimus;NOUN;O;1;no;26763;4536;932020281;7.452742819494174
korralik;ADJ;O;1;no;179328;4536;932020281;1.1450340636443603
magamine;NOUN;O;2;no;13758;4536;932020281;28.03779020793147
ega;CCONJ;O;3;yes;709853;4536;932020281;0.8685432759948206
ase;NOUN;O;1;no;67110;4536;932020281;3.0334764118196573
seesama;ADJ;O;1;yes;50200;4536;932020281;4.036685083058712
järv;NOUN;O;1;no;91280;4536;932020281;2.2383617982339894
tukk;ADJ;O;1;no;4424;4536;932020281;38.53679648435376
mure;NOUN;O;2;no;177332;4536;932020281;2.3104814204217496
väga-väga;ADV;O;1;no;12345;4536;932020281;15.545947747804622
haige;ADJ;O;1;no;102751;4536;932020281;1.9907200135140344
varamine;ADJ;O;1;no;15;4536;932020281;217.95083767056963
rong;NOUN;O;2;no;59601;4536;932020281;6.804149287066308
nahk;NOUN;O;1;no;297328;4536;932020281;0.692026585864605
arst;NOUN;O;1;no;159965;4536;932020281;1.2828321069867696
tor;NOUN;O;1;no;1388;4536;932020281;88.96640483073787
kraus;PROPN;O;1;no;546;4536;932020281;139.64887098526103
valvur;NOUN;O;2;no;8602;4536;932020281;43.20063254005747
käest;ADP;O;1;yes;54307;4536;932020281;3.736559093282161
kuldkell;NOUN;O;1;no;115;4536;932020281;197.1345419764302
vastama;NOUN;O;1;no;364411;4536;932020281;0.56495909892083
ise;ADV;O;2;yes;3519608;4536;932020281;0.11699219563368625
22.;ADJ;O;1;no;1;4536;932020281;221.2211971574155
hiljem;ADV;O;2;no;361790;4536;932020281;1.1355133787296874
vott;DET;O;1;no;385;4536;932020281;156.7203379573228
sõda;NOUN;O;1;no;114786;4536;932020281;1.7836795257450335
kvartet;NOUN;O;1;no;41;4536;932020281;212.12699012074165
rinne;NOUN;O;1;no;12724;4536;932020281;15.114495972310737
ette;ADP;O;2;yes;726267;4536;932020281;0.5663864984716039
sakslane;NOUN;O;9;no;42968;4536;932020281;42.145279153036626
öösel;ADV;O;1;no;80969;4536;932020281;2.5201622986722585
grupp;NOUN;O;3;no;156546;4536;932020281;3.9202140650569812
canijate;PROPN;O;1;no;1;4536;932020281;221.2211971574155
metsatukk;NOUN;O;1;no;3864;4536;932020281;43.03648680399904
väikene;ADJ;O;2;no;8258;4536;932020281;44.81771467256422
seisma;VERB;O;2;no;266154;4536;932020281;1.5421088170605257
üksik;ADJ;O;3;no;81857;4536;932020281;7.456877106982573
võsa;NOUN;O;2;no;14741;4536;932020281;26.27928117264308
koosnev;ADJ;O;1;no;26620;4536;932020281;7.491423911200635
koer;NOUN;O;1;no;181307;4536;932020281;1.1325997210515493
laskevalmis;ADJ;O;1;no;251;4536;932020281;174.47195694776786
iga;PRON;O;1;yes;1391258;4536;932020281;0.1482583990174758
prots;NOUN;O;1;no;64;4536;932020281;207.22857503236747
laadima;VERB;O;1;no;64902;4536;932020281;3.135215845150768
uuesti;ADV;O;2;no;217720;4536;932020281;1.8837040986843645
vihm;NOUN;O;1;no;68021;4536;932020281;2.9933984427922558
käes;ADP;O;1;yes;50044;4536;932020281;4.049038398784143
ligunema;VERB;O;1;no;2178;4536;932020281;66.36736898339481
hallitama;VERB;O;1;no;2354;4536;932020281;62.81271747725048
ennist;ADV;O;1;no;4143;4536;932020281;40.67054949666086
11.;ADJ;O;1;no;1;4536;932020281;221.2211971574155
sverdlovski;PROPN;O;1;no;1;4536;932020281;221.2211971574155
oblast;NOUN;O;2;no;12734;4536;932020281;30.138672292296484
krasnov;PROPN;O;1;no;123;4536;932020281;195.63971162651825
jarsk;NOUN;O;1;no;12;4536;932020281;218.64346316408032
krais;NOUN;O;1;no;95;4536;932020281;200.9735030100815
turinski;ADJ;O;1;no;1;4536;932020281;221.2211971574155
lind;NOUN;O;1;no;81325;4536;932020281;2.509255293102856
kaubanduskeskus;NOUN;O;1;no;25849;4536;932020281;7.707094851849354
täis;NOUN;O;1;no;306210;4536;932020281;0.6720144099662175
aka;NOUN;O;1;no;3964;4536;932020281;42.1574772343081
seade;NOUN;O;1;no;196584;4536;932020281;1.0449980879592642
seen;NOUN;O;1;no;36848;4536;932020281;5.463307377809192
viimane;ADJ;O;2;no;977416;4536;932020281;0.42099099528063444
trükisõna;NOUN;O;1;no;572;4536;932020281;137.23476082232978
kirjutamine;NOUN;O;1;no;49691;4536;932020281;4.077272797815195
vahend;NOUN;O;1;no;182048;4536;932020281;1.1280131197821301
kiri;NOUN;O;1;no;320966;4536;932020281;0.641208862840438
paber;NOUN;O;1;no;94620;4536;932020281;2.1601203504433966
tükikene;NOUN;O;1;no;98;4536;932020281;200.3881548182528
jällegi;ADV;O;1;no;51621;4536;932020281;3.927535704538592
loov;ADJ;O;1;no;17601;4536;932020281;11.137087231624783
vagurds;NOUN;O;1;no;1;4536;932020281;221.2211971574155
metsatöölaager;NOUN;O;2;no;1;4536;932020281;441.4434661028943
ida-uural;PROPN;O;1;no;10;4536;932020281;219.10766434440305
piirkond;NOUN;O;1;no;270718;4536;932020281;0.7598153805453801
värk;NOUN;O;1;no;48872;4536;932020281;4.144321329290566
omsk;PROPN;O;1;no;1330;4536;932020281;91.2475742453205
peatuma;VERB;O;1;no;59203;4536;932020281;3.4323404660126586
turinsks;NOUN;O;1;no;1;4536;932020281;221.2211971574155
keskus;NOUN;O;1;no;240481;4536;932020281;0.8549823174189951
jagama;VERB;O;1;no;392343;4536;932020281;0.5248333936579294
demend;NOUN;O;1;no;1;4536;932020281;221.2211971574155
umbes;ADV;O;1;yes;373703;4536;932020281;0.5509465275834391
500;NUM;O;1;no;1;4536;932020281;221.2211971574155
kokku;ADV;O;4;yes;904646;4536;932020281;0.9086123722852205
lätlane;NOUN;O;2;no;23655;4536;932020281;16.751753652199156
sari;NOUN;O;1;no;127932;4536;932020281;1.6017183313455952
põhja-läti;PROPN;O;1;no;85;4536;932020281;202.94960424193178
pooleks;ADV;O;1;yes;17370;4536;932020281;11.27765461768413
sillaviimine;NOUN;O;1;no;1;4536;932020281;221.2211971574155
sisse;ADP;O;1;yes;548285;4536;932020281;0.37581476158434474
liigama;VERB;O;1;no;1;4536;932020281;221.2211971574155
paljastama;VERB;O;1;no;21770;4536;932020281;9.091872043992218
puunar;NOUN;O;1;no;1;4536;932020281;221.2211971574155
küljealus;NOUN;O;1;no;1;4536;932020281;221.2211971574155
ehme;NOUN;O;1;no;1;4536;932020281;221.2211971574155
esimees;NOUN;O;1;no;144639;4536;932020281;1.417891164989713
töö;NOUN;O;3;no;1240583;4536;932020281;0.49725338796398655
paar;NUM;O;1;no;441826;4536;932020281;0.4661775825178104
pale;NOUN;O;1;no;9156;4536;932020281;20.460294268411992
seee;NOUN;O;1;no;34;4536;932020281;213.66410995150548
juh;NOUN;O;1;no;1870;4536;932020281;73.66251591202106
rabama;NOUN;O;1;no;11641;4536;932020281;16.41641060953986
56;NUM;O;1;no;1;4536;932020281;221.2211971574155
väiksem;ADJ;O;1;no;224355;4536;932020281;0.9161817812562888
padrun;NOUN;O;1;no;6164;4536;932020281;29.08727080270985
30;NUM;O;1;no;1;4536;932020281;221.2211971574155
uskuma;VERB;O;1;no;337650;4536;932020281;0.609612593615181
1500;NUM;O;1;no;1;4536;932020281;221.2211971574155
kõneleja;NOUN;O;1;no;8613;4536;932020281;21.624245675604158
kohtuametnik;NOUN;O;1;no;383;4536;932020281;156.95869220968177
robert;PROPN;O;1;no;41386;4536;932020281;4.877446113131141
tasso;PROPN;O;1;no;181;4536;932020281;185.4448360541314
harv;ADJ;O;1;no;9223;4536;932020281;20.325302936238245
kodumaa;NOUN;O;1;no;50637;4536;932020281;4.0024778909948635
tookord;ADV;O;1;no;14201;4536;932020281;13.639303965918492
küüditatud;ADJ;O;2;no;1939;4536;932020281;143.4596995063639
hukkuma;VERB;O;1;no;35177;4536;932020281;5.716130261323504
hukkama;VERB;O;1;no;7519;4536;932020281;24.423543746429715
90;NUM;O;1;no;1;4536;932020281;221.2211971574155
protsent;NOUN;O;1;no;264843;4536;932020281;0.7766112229687367
kohapeal;ADV;O;1;no;136127;4536;932020281;1.505948773833321
üldjuht;NOUN;O;1;no;50494;4536;932020281;4.013607555224856
julgeolek;NOUN;O;1;no;36538;4536;932020281;5.508506853934901
rahvakomissar;NOUN;O;1;no;1341;4536;932020281;90.80599291624546
boris;PROPN;O;1;no;6703;4536;932020281;27.03383304018341
kumm;PROPN;O;1;no;27826;4536;932020281;7.1772626042459615
nkvd;PROPN;O;1;no;2474;4536;932020281;60.599716533211165
ametivend;NOUN;O;1;no;2317;4536;932020281;63.528031739906595
andrei;PROPN;O;1;no;18793;4536;932020281;10.46406343793651
murr;NOUN;O;1;no;139;4536;932020281;192.71704485581841
kompartei;NOUN;O;1;no;1905;4536;932020281;72.75374974133582
sekretär;NOUN;O;1;no;13531;4536;932020281;14.271145274277185
karl;PROPN;O;1;no;53185;4536;932020281;3.814028608065008
säre;PROPN;O;1;no;695;4536;932020281;126.86004344586792
varem;ADV;O;1;no;345298;4536;932020281;0.5961466408009652
kuulutama;VERB;O;1;no;85376;4536;932020281;2.391479527197617
rahvas;NOUN;O;3;no;308528;4536;932020281;1.9949185987977789
õnnelik;ADJ;O;1;no;99880;4536;932020281;2.047413224729007
eriti;ADV;O;1;no;605950;4536;932020281;0.34010541857773047
kujukalt;ADV;O;1;no;475;4536;932020281;146.69572736241764
mõningas;DET;O;1;yes;50594;4536;932020281;4.005818078115356
vaasund;PROPN;O;1;no;1;4536;932020281;221.2211971574155
hulk;NOUN;O;3;no;166154;4536;932020281;3.6947887621278497
poolt;ADP;O;2;yes;608747;4536;932020281;0.6755615546670832
nõudma;VERB;O;1;no;245266;4536;932020281;0.8383652447708053
nüütum;NOUN;O;1;no;1;4536;932020281;221.2211971574155
riigipööre;NOUN;O;1;no;5408;4536;932020281;32.555710295363994
korraldaja;NOUN;O;1;no;91895;4536;932020281;2.223532145168031
eeessor;PROPN;O;1;no;1;4536;932020281;221.2211971574155
tsirkus;NOUN;O;1;no;9324;4536;932020281;20.12514190493031
toimuma;VERB;O;1;no;894727;4536;932020281;0.23044915404325636
võime;NOUN;O;1;yes;70838;4536;932020281;2.8759064401380763
milleks;ADV;O;1;yes;31800;4536;932020281;6.305869963510312
võimeline;ADJ;O;1;no;52356;4536;932020281;3.873363327189735
ajend;NOUN;O;1;no;7677;4536;932020281;23.97530227574199
miks;ADV;O;1;yes;593569;4536;932020281;0.3471884092602706
vabatahtlikkus;NOUN;O;1;no;2601;4536;932020281;58.42136390922355
saksa;NOUN;O;1;no;109581;4536;932020281;1.8676881964690484
kastma;VERB;O;1;no;17783;4536;932020281;11.028781184090677
omaksed;NOUN;O;1;no;3467;4536;932020281;46.92041644510168
küüditama;VERB;O;1;no;2662;4536;932020281;57.42979933255648
mõrbama;VERB;O;1;no;1;4536;932020281;221.2211971574155
10;NUM;O;1;no;1;4536;932020281;221.2211971574155
veni;NOUN;O;1;no;811;4536;932020281;118.41736196927718
mäkes;NOUN;O;1;no;1;4536;932020281;221.2211971574155
mätas;NOUN;O;1;no;6078;4536;932020281;29.444117885708046
kasvama;VERB;O;1;no;318848;4536;932020281;0.6454557834901479
skaut;NOUN;O;1;no;2404;4536;932020281;61.871285588556724
kassa;NOUN;O;1;yes;16577;4536;932020281;11.788430204684177
sõnama;VERB;O;1;no;148238;4536;932020281;1.3836819432360041
vaim;NOUN;O;1;no;78168;4536;932020281;2.609403421158754
kunagi;ADV;O;2;yes;447893;4536;932020281;0.9176754596503325
vastu;ADP;O;1;yes;1054528;4536;932020281;0.19555820170243532
aukartus;NOUN;O;1;no;3814;4536;932020281;43.48988232546667
ning;CCONJ;O;1;yes;5768641;4536;932020281;0.03577454740748139
vastu;ADV;O;2;yes;1054528;4536;932020281;0.39023335690089045
eestlane;NOUN;O;1;no;236274;4536;932020281;0.8701459739110214
alati;ADV;O;1;yes;548893;4536;932020281;0.3753991832337515
maksma;VERB;O;1;no;520708;4536;932020281;0.3956825694159383
kartma;VERB;O;4;no;147084;4536;932020281;5.558988761721854
siia;ADV;O;5;yes;220360;4536;932020281;4.646761483966305
kartul;NOUN;O;1;no;38983;4536;932020281;5.171082516854409
kurat;NOUN;O;1;no;47499;4536;932020281;4.261811176749928
1941.;ADJ;O;1;no;1;4536;932020281;221.2211971574155
eksima;VERB;O;1;no;47446;4536;932020281;4.266480156403411
pärnu;PROPN;O;5;no;239995;4536;932020281;4.268061072400746
saksa;PROPN;O;1;no;109581;4536;932020281;1.8676881964690484
vägi;NOUN;O;1;no;56622;4536;932020281;3.5862631754867564
laas;PROPN;O;1;no;7271;4536;932020281;25.161935051293852
seitsmes;ADJ;O;1;no;32332;4536;932020281;6.2050185693538555
vara;NOUN;O;1;no;114803;4536;932020281;1.7834175259470118
seitse;NUM;O;1;no;109382;4536;932020281;1.871057396051754
moment;NOUN;O;2;no;31912;4536;932020281;12.540355999816601
huvitav;ADJ;O;1;no;295432;4536;932020281;0.696453852054189
elama;VERB;O;1;no;568404;4536;932020281;0.36253434910564075
karja;PROPN;O;1;no;5206;4536;932020281;33.62710680084966
maja;NOUN;O;1;no;433197;4536;932020281;0.4754435983140878
ennem;ADV;O;2;yes;37332;4536;932020281;10.76404684516262
kindlustustöö;NOUN;O;1;no;139;4536;932020281;192.71704485581841
tuli;NOUN;O;1;yes;132664;4536;932020281;1.5449851208204213
killustama;VERB;O;1;no;1646;4536;932020281;80.06293241995184
uulu;PROPN;O;4;no;1430;4536;932020281;348.3540763454067
pärit;ADV;O;1;no;120641;4536;932020281;1.697776883866938
kaugel;ADV;O;4;no;97547;4536;932020281;8.355275986185081
siit;ADV;O;1;yes;236581;4536;932020281;0.8690212574063235
jala;ADV;O;1;no;11729;4536;932020281;16.302308894071682
labi;NOUN;O;1;no;565;4536;932020281;137.8764644371363
õlg;NOUN;O;1;no;58646;4536;932020281;3.4644297101760597
keeldustus;NOUN;O;1;no;1;4536;932020281;221.2211971574155
tegelikult;ADV;O;1;no;475760;4536;932020281;0.43299206773651777
rahulikult;ADV;O;1;no;54809;4536;932020281;3.702907885332043
kõndima;VERB;O;1;no;62968;4536;932020281;3.230106385370589
uusodio;PROPN;O;1;no;1;4536;932020281;221.2211971574155
sinimustvalge;ADJ;O;3;no;6321;4536;932020281;85.11592772739205
väljas;ADV;O;2;yes;99193;4536;932020281;4.113614215837469
põimus;NOUN;O;1;no;1;4536;932020281;221.2211971574155
hais;NOUN;O;1;no;10053;4536;932020281;18.789575099098375
vanaisa;NOUN;O;3;no;29467;4536;932020281;20.308139681355435
vanaonu;NOUN;O;1;no;1216;4536;932020281;96.09027687526206
meier;NOUN;O;1;no;2602;4536;932020281;58.40483277491645
küla;NOUN;O;1;no;270410;4536;932020281;0.760677846067549
sõdur;NOUN;O;3;no;41713;4536;932020281;14.476427633872104
covi;NOUN;O;1;no;1;4536;932020281;221.2211971574155
koige;NOUN;O;1;no;1722;4536;932020281;77.77026611763418
hoidma;VERB;O;1;no;581462;4536;932020281;0.35440587703043414
püssilaskevalm;NOUN;O;1;no;1;4536;932020281;221.2211971574155
õu;NOUN;O;1;no;84345;4536;932020281;2.420392537811921
tsaariarmee;NOUN;O;1;no;497;4536;932020281;144.43732274431468
teenima;VERB;O;1;no;173198;4536;932020281;1.185343361253199
tekkima;VERB;O;1;no;521616;4536;932020281;0.39499501581495733
istuli;ADV;O;1;no;887;4536;932020281;113.46979783067535
küsima;VERB;O;2;no;448244;4536;932020281;0.9169583597345005
huvitseline;ADJ;O;1;no;1;4536;932020281;221.2211971574155
vabandama;VERB;O;1;no;39569;4536;932020281;5.096263306527051
berliin;PROPN;O;2;no;30283;4536;932020281;13.194792221219139
sina;NOUN;O;1;yes;3764412;4536;932020281;0.0548167345196694
vanaisamaa;NOUN;O;1;no;1;4536;932020281;221.2211971574155
meelest;ADP;O;1;yes;91543;4536;932020281;2.231995872050392
muigama;VERB;O;1;no;19094;4536;932020281;10.306783906076292
säilitama;VERB;O;1;no;95310;4536;932020281;2.1446335283935873
külm;ADJ;O;1;no;157422;4536;932020281;1.3034330493706667
tagastamine;NOUN;O;1;no;24519;4536;932020281;8.10984633449274
essaam;NOUN;O;1;no;1;4536;932020281;221.2211971574155
kauplemine;NOUN;O;1;no;16923;4536;932020281;11.55999042771226
jooma;VERB;O;3;no;108904;4536;932020281;5.620629265913932
nooti;NOUN;O;1;no;1;4536;932020281;221.2211971574155
kaevus;NOUN;O;1;no;416;4536;932020281;153.11628945363637
tõmbama;VERB;O;1;no;194731;4536;932020281;1.054894600106565
piim;NOUN;O;2;no;62708;4536;932020281;6.4719606463089665
nõu;NOUN;O;1;no;106629;4536;932020281;1.918946687152504
mürgitatud;VERB;O;1;no;1110;4536;932020281;101.07826325500056
joon;NOUN;O;1;no;70294;4536;932020281;2.8978716306297376
joonik;NOUN;O;1;no;12;4536;932020281;218.64346316408032
oma;NOUN;O;1;yes;4547218;4536;932020281;0.045381938285803496
külg;NOUN;O;1;no;147818;4536;932020281;1.3875888093665856
pakulitz;NOUN;O;1;no;1;4536;932020281;221.2211971574155
belamu;PROPN;O;1;no;1;4536;932020281;221.2211971574155
pabeross;NOUN;O;1;no;307;4536;932020281;166.58634785895666
sakk;NOUN;O;1;no;2032;4536;932020281;69.63645453374961
sakkes;PROPN;O;1;no;1;4536;932020281;221.2211971574155
muide;ADV;O;1;yes;56103;4536;932020281;3.6188969955311348
valga;PROPN;O;1;no;48301;4536;932020281;4.192386783441429
laad;NOUN;O;1;no;38154;4536;932020281;5.280759259987968
pöörlema;VERB;O;1;no;6321;4536;932020281;28.457643235282752
vool;NOUN;O;1;no;36408;4536;932020281;5.527684826673601
mammi;NOUN;O;1;no;2250;4536;932020281;64.8656656173488
ärkama;VERB;O;1;no;61673;4536;932020281;3.296921917899446
ülesse;ADV;O;1;yes;24579;4536;932020281;8.09077258617888
kuusma;VERB;O;1;no;109;4536;932020281;198.27074198467824
niukene;ADJ;O;1;no;50;4536;932020281;210.18289288769608
teistmoodi;ADV;O;1;no;34506;4536;932020281;5.824362137002081
relv;NOUN;O;3;no;59097;4536;932020281;10.284151684519557
martsinguadi;NOUN;O;1;no;1;4536;932020281;221.2211971574155
noormehi;NOUN;O;1;no;1;4536;932020281;221.2211971574155
uudishimulikult;ADV;O;1;no;1068;4536;932020281;103.20088525890715
kohtes;NOUN;O;1;no;1;4536;932020281;221.2211971574155
mõis;NOUN;O;1;no;94903;4536;932020281;2.1537415334161443
sees;ADV;O;1;yes;220473;4536;932020281;0.9322456341459973
jagatis;NOUN;O;1;no;317;4536;932020281;165.25261172678128
vastus;NOUN;O;1;no;295985;4536;932020281;0.6951567254030409
saksa;ADJ;O;3;no;109581;4536;932020281;5.586197431516967
kuldne;ADJ;O;1;no;47289;4536;932020281;4.280371139643748
minumeelne;ADJ;O;1;no;11;4536;932020281;218.8753176295349
mootorratas;NOUN;O;1;no;18263;4536;932020281;10.752990125218833
äsja;ADV;O;1;no;40813;4536;932020281;4.944394855855699
taganema;VERB;O;1;no;10342;4536;932020281;18.30792019088512
koos;ADP;O;1;yes;876826;4536;932020281;0.23514893486121768
imehästi;ADV;O;1;no;3547;4536;932020281;46.08236859532279
päikesepaiste;NOUN;O;1;no;4540;4536;932020281;37.71986449897594
selline;DET;O;1;yes;1661084;4536;932020281;0.12418885318570586
ilmul;NOUN;O;1;no;1;4536;932020281;221.2211971574155
sindier;PROPN;O;1;no;1;4536;932020281;221.2211971574155
maas;ADV;O;2;no;29536;4536;932020281;13.518295674950176
punane;ADJ;O;1;no;172952;4536;932020281;1.1870203092924556
hävituspataljon;NOUN;O;1;no;710;4536;932020281;125.70116576712869
ootamatult;ADV;O;1;no;40017;4536;932020281;5.040507980864634
sint;PROPN;O;1;no;220;4536;932020281;179.16686619075958
erariie;NOUN;O;1;no;713;4536;932020281;125.47192634579332
loid;PROPN;O;1;no;1963;4536;932020281;71.29617187471725
pandiitiline;ADJ;O;1;no;1;4536;932020281;221.2211971574155
samuti;ADV;O;1;yes;746006;4536;932020281;0.27633332074503125
põlema;VERB;O;4;no;76477;4536;932020281;10.62950274154075
kirik;NOUN;O;1;no;240456;4536;932020281;0.855070865963826
tank;NOUN;O;1;no;16422;4536;932020281;11.893720313381731
siin-seal;ADV;O;1;no;5410;4536;932020281;32.54544362674646
surnud;ADJ;O;1;no;80743;4536;932020281;2.5271357487863866
laduma;VERB;O;1;no;21992;4536;932020281;9.003824852922545
lihtvaba;ADJ;O;1;no;1;4536;932020281;221.2211971574155
sõna;NOUN;O;1;no;867383;4536;932020281;0.23770619960964487
kollane;ADJ;O;1;no;67480;4536;932020281;3.01707013894885
pakkepaber;NOUN;O;1;no;523;4536;932020281;141.85634814183615
park;NOUN;O;1;no;96600;4536;932020281;2.116267692807931
kommunister;NOUN;O;1;no;1;4536;932020281;221.2211971574155
mälestussamma;NOUN;O;1;no;1;4536;932020281;221.2211971574155
tehtud;ADJ;O;1;yes;466273;4536;932020281;0.4417843442924197
mäle;NOUN;O;1;no;127;4536;932020281;194.9007655831364
sammas;NOUN;O;1;no;30984;4536;932020281;6.4670927552281015
ajutine;ADJ;O;1;no;54366;4536;932020281;3.732572386608334
auto;NOUN;O;1;no;800766;4536;932020281;0.2574583675067857
propagandamasin;NOUN;O;1;no;585;4536;932020281;136.058737065077
lauditant;NOUN;O;1;no;1;4536;932020281;221.2211971574155
anna;PROPN;O;1;no;51802;4536;932020281;3.914055147609053
laul;NOUN;O;1;no;164453;4536;932020281;1.2480203054924475
eks;ADV;O;1;yes;289758;4536;932020281;0.7100479862894665
sage;ADJ;O;1;no;6288;4536;932020281;28.587712430411695
tantsija;NOUN;O;1;no;20581;4536;932020281;9.594369402294538
rõõmus;ADJ;O;1;no;52825;4536;932020281;3.839570393895513
siit-sealt;ADV;O;1;no;2153;4536;932020281;66.90518853511817
omakaitse;NOUN;O;1;no;1443;4536;932020281;86.90614778584631
ilmus;NOUN;O;1;no;157;4536;932020281;189.53169847804537
kähku;ADV;O;1;no;9354;4536;932020281;20.066445320570747
valge;ADJ;O;1;no;242511;4536;932020281;0.8478528704446797
lint;NOUN;O;1;no;17796;4536;932020281;11.021125588184546
sealhulgas;ADV;O;1;no;127920;4536;932020281;1.6018674995148967
noor;ADJ;O;1;no;557672;4536;932020281;0.3694994236366915
koolipoiss;NOUN;O;1;no;4335;4536;932020281;39.18797584272454
hulgas;ADP;O;1;yes;147365;4536;932020281;1.3918274496943008
koguma;VERB;O;2;no;170697;4536;932020281;2.3998022369095393
südalinn;NOUN;O;1;no;10267;4536;932020281;18.430528595894078
üheksas;ADJ;O;1;no;14386;4536;932020281;13.474578290706747
alk;NOUN;O;1;no;408;4536;932020281;154.0304027196796
sõbraeg;NOUN;O;1;no;1;4536;932020281;221.2211971574155
hävinema;VERB;O;2;no;4047;4536;932020281;82.72223922458382
kogumispunkt;NOUN;O;1;no;1826;4536;932020281;74.83768881501138
suurim;ADJ;O;1;no;223704;4536;932020281;0.9188368956891912
politseihoone;NOUN;O;1;no;150;4536;932020281;190.75785099352333
politseikomissariaat;NOUN;O;1;no;1;4536;932020281;221.2211971574155
hoone;NOUN;O;1;no;221416;4536;932020281;0.9282918879786662
all;ADV;O;1;yes;468275;4536;932020281;0.4398993506349426
kukkuma;VERB;O;2;no;136126;4536;932020281;3.0051193351873753
geenema;VERB;O;1;no;1;4536;932020281;221.2211971574155
lõhkuma;VERB;O;1;no;32442;4536;932020281;6.184566971467774
kaubanduskool;NOUN;O;1;no;287;4536;932020281;169.31946642072992
talumees;NOUN;O;1;no;4705;4536;932020281;36.61577451311785
vainka;PROPN;O;1;no;1;4536;932020281;221.2211971574155
keset;ADP;O;1;yes;45689;4536;932020281;4.427270409161045
püüdma;VERB;O;1;no;287450;4536;932020281;0.7157306940767247
püks;ADJ;O;1;no;44676;4536;932020281;4.525604537607056
jahipüss;NOUN;O;1;no;784;4536;932020281;120.2805501894696
pimendamine;NOUN;O;1;no;242;4536;932020281;175.8094531034496
keeld;NOUN;O;1;no;21805;4536;932020281;9.07787656359914
hunt;NOUN;O;1;no;44548;4536;932020281;4.538341501602116
vaba;ADJ;O;1;no;252696;4536;932020281;0.8138054435242955
hulkuma;VERB;O;1;no;3763;4536;932020281;43.962294341997165
lipp;NOUN;O;1;no;55187;4536;932020281;3.6779662670777165
looma;VERB;O;1;no;409823;4536;932020281;0.5024986995746664
linnavalitsus;NOUN;O;1;no;96517;4536;932020281;2.1180701759729397
