EstBERT;est-roberta;LaBSE;bertMulti;distilbertMulti;MiniLM_multi;MiniLM-L12_multi;multi_e5;xml_roberta
friedrich händel veemuusika;ütlema bene värk;eriline õhtu arvuti;vanaisa tegelikult ajendama;abistama vate detail;õhtu käsi vanaisa;rääkima vanaisa tarkus;vaatama talu valmis;värk vaatama jama
tervik süsteem süsteem;toik taguma kivi;eriti suurepärane vanaisa;viis vanaisa naabripoiss;uus katastroof andma;täna eriline õhtu;vanaisa tarkus aitama;lugu lihtsalt sõna;tõmbama sein vajuma
süsteemne analüüs järeldus;näiteks kuressaare kaks;kool täna eriline;vajalik lapselaps tegelema;inimene targem subjekt;päev vanaisa kark;vanaisa pühendama igatsus;vaatama värk ütlema;korjama kuivatama natuke
ütlema bene värk;vajalik lapselaps tegelema;täna eriline õhtu;reageeratud tõmbama kool;andma nahk elu;aeg tänane taevaisa;söandama ütlema vanaisa;ülo voogla rääkima;oluline samamoodi väga-väga
koostöö tartu ülikool;toike püsti toksima;arvuti lülitama powerpoint;vaatama enamasti kaik;arvuti lülitama powerpoint;aine ööülikool tänama;hoitud vanaisa pühendama;võtma rääkima ütlema;kasvatusstiil nägema vaatama
ütlema süsteemne analüüs;kaasa tähtis asi;vanaisa oluline tõde;üldse kindlasti täitsa;subjekt areng looming;vana-isa võtma kaasa;mõtestama targem inimene;rääkima viis oskama;võtma kark valmistama
mürakas käima hoov;käsi tervik asi;õhtu arvuti lülitama;vait nägema kuidasmoodi;tool hobu tooma;no õnnestuma õu;voogla rääkima vanaisa;mõte suur rääkima;nägema vaatama töötaja
georg friedrich händel;põlu riist korralik;nimelt üliõpilane ütlema;sea-küna tegelikult selgelt;detail arvama asi;jutt vanaisa rõõmustama;ala hea meister;suur vaatama ütlema;ütlema lihtsalt esinema
ähvardav kasvatusstiil nägema;võtma kark valmistama;suur väike peegel;tegelikult ikkagist näitama;süsteem süsteem funktsioneerima;tükk aeg tänane;käsi vanaisa ütlema;tähtis tegu ütlema;nägema võib-olla lihtsalt
panema lõke lõge;tähtis etapp järgnema;vanavanem vanem õpetaja;vaikne ookean kanti;ikke unustamatu sündmus;direktor saavutama vanaisa;eriti suurepärane vanaisa;rääkima ütlema vanem;kuluma arvama oluline
hästi häda jõulukink;lapselaps hoidma hästi;eriti hästi näiteks;naabripoiss vaatama õhtu;uus asi inimene;homme üldse nägema;jutt vanaisa rõõmustama;sõna sobima tähtis;eestlane ähvardav kasvatusstiil
kõne üldse häbiväärne;täpselt tikk panema;vanem õpetaja laps;vanaisa uurima tülli;andma ülesanne kontrollima;vanaisa rõõmustama lõpp;tegija vanaisa ütlema;tõmbama kool viskama;sea-küna tegelikult selgelt
ütlema atopukusika üleson;usaldama arvama vanaisa;tähtis sündmus valmistuma;juhtuma ühesõnaga videvikupidamine;katastroof andma nahk;söandama ütlema vanaisa;hästi hoitud vanaisa;talu valmis vaatama;ajal talu töö
logisev tiitel üldse;väike märkmepaber panema;tähtis aeg õhtu;üldse enesestmõistetav rääkidav;tikk naasma kodu;tuju suur vaatama;tegemine vanavanaisa võtma;rääkima üldse arvama;võib-olla lihtsalt teadma
selgelt andma tõuge;minek saaremaa tähtis;asi selge tähtis;jaan tootsen raadioteater;andma no näiteks;is päev tõmbama;vanaisa ütlema no;oskama seisma ühesõnaga;väga-väga detail arvama
sari õnne õpikoda;piibunne õige no;vanavanem nägema paremini;üldse häbiväärne vana-ema;kujunema inimene kujunema;paar päev vanaisa;õhtu käsi vanaisa;rääkima laps vaatama;näiteks ütlema 10
järeldus ettepanek üldse;kuulma jääma terve;vodo täpne korralik;lauatükk vana roostetanud;funktsioneerima muutuma arenema;tegija vanaisa ütlema;rääkima ütlema vanem;kool direktor saavutama;juhtuma võtma kark
mõte koht üldse;taguma kivi lauatükk;asi vaatama tegelikult;ütlema sea-küna tegelikult;niide asi vaatama;jõudma viis vanaisa;tekkima arvama vanaisa;õige no kuulma;üldse häbiväärne vana-ema
ööülikool tänama koostöö;küllike vedama hästi;võtma eriline polent;etapp järgnema kõne;kujunema üldiselt peatama;suurepärane vanaisa tali;märkamatult vanaisa oluline;tekkima oskama ütlema;keerama p-täht moodi
nägema võib-olla lihtsalt;sõna päev ühti;õige asi muutuma;koht nähtavasti heinakogumine;funktsioon ruum looming;sari õnne õpikoda;suurepärane vanaisa tali;päev rääkima viis;ütlema sea-küna tegelikult
keede milema aeg;tookord tähtis eetika;vanem õpetama nägema;kaup andma sõjajärgne;targem subjekt areng;eino aeg tahes;hea meister oskama;suur rääkima kujunema;samamoodi väga-väga detail
mõte üldse enesestmõistetav;jälgima käärimine lõppema;kool tühine väike;enamasti kaik toksima;üldiselt peatama saamatu;suur vaatama ütlema;päev vanaisa kark;küla professor ülo;kesk-aasia arvama kuskilt
ülo voogla muusika;leidma teadma täpselt;tähtis küllalt asjatundlik;panema sõitma lossihoov;kujunema inimene eeskuju;nägema leppima suur;vanaisa tegelikult ajendama;õpetaja laps sokutama;pikk maitsema üht-teist
atopukusika üleson õu;sülitama ütlema bene;nägema kuidasmoodi tegelikult;tegelikult selgelt andma;areng looming funktsioon;käsi vanaisa ütlema;väike targem saamine;ütlema bene värk;söandama ütlema vanaisa
reageeratud tõmbama kool;käsk käratsemine siukne;asi tulemus tähtis;kruttima saksa granaat;käik ikke unustamatu;soolamaks vanaisa vedama;vanaisa mõtlema aeg;tul kõne üldse;raud valmis depood
saaremaa no nõidumine;võtma kaasa tähtis;lapseiga vanaisa tegelikult;ilmselt suma mürakas;vaatama uus katastroof;no jutt vanaisa;paigal vastama suurepäraselt;lugu tähendus tähendus;tähtis tegevus neli-viis
tartu ülikool eetikakeskus;ajal jutustama päev;üliõpilane ütlema süsteemne;nägema paremini vanem;karistaja rahuldus jest;elu jätma vana-isa;targem subjekt areng;jälle parem võtma;maitsema üht-teist nähtavasti
ilus piibunne õige;tabama hästi sigadus;õpetama nägema natuke;tähtsam puhk rehepeks;süsteem funktsioneerima muutuma;õnne õpikoda sepikoda;usaldama arvama vanaisa;täpselt käsk tahtma;õhtu panema küünal
is päev tõmbama;esimene alge lähtekoht;tegelikult piinlikult täpne;nägema käima kahekesi;inimene kujunema üldiselt;jutustama päev asi;vanem märkama kiitma;tegelikult vaja kindlasti;kuskilt kesk-aasia arvama
tänama koostöö tartu;hing spetsiaalselt sättima;kujunema tähtis etapp;vaja kindlasti kaasavõtt;aeg asi tikutik;päev võimalik vajalik;direktor saavutama vanaisa;üldse elama suutma;kodu tegelikult vaja
jälle paev põrand;seoses tähtis usaldama;kool direktor saavutama;ehitama raud valmis;inimene märkama seoses;voogla rääkima vanaisa;osa tegija vanaisa;nägema kuulma jääma;käima võtma ühtlama
kõne üldse mõte;arutas-arutama vaatama kiitma;sageli üliõpilane ehitama;heinaaeg tähtsam puhk;andma õnn näiteks;jätma vana-isa võtma;vanaisa oluline tõde;õnn näiteks vanaema;p-täht moodi panema
üldse mõte üldse;tooma linn piipu;oskuma nimelt üliõpilane;käituma selge pilt;asi vaatama võitlema;käima kindlasti õhtu;täitsa tore lapselaps;ala hea meister;täpsus kujundama vodo
mõtlema kiitma tööriist;õpetaja laps sokutama;ütlema teadma täpselt;tähtis etapp järgnema;no andma mõistma;eriti suurepärane vanaisa;lapselaps tegelema asi;sepp ala hea;käima ütlema sea-küna
no õnnestuma õu;asi no toppima;targem inimene õppima;yldse no tahtma;pilt ilm homme;täitsa tore lapselaps;pakkuma ikati niimodi;üldse võtma käsi;niukne kuskilt kesk-aasia
no piipzi biit;tähendama hool tähelepanelikkus;juhtuma tegutsema oskama;suits tahtma yldse;seisma paigal vastama;päev ühti asi;kiitma selguma sigala;voogla rääkima vanaisa;hästi näiteks album
värk vaatama üksainuke;elu jätma vana-isa;põhimõtteliselt suur vanem;kujunema üldiselt peatama;logisev tiitel üldse;ajal jutustama päev;vana vanaisa mõtlema;seisma ühesõnaga selgitama;vana-isa võtma kaasa
sõda järsku saaremaa;arvama vanaisa pedagoogiline;hea meister oskama;aru vaatama tegutsema;näiteks niuk sõna;tõmbama koht päev;ütlema vanem oskama;rääkima kujunema inimene;üht-teist nähtavasti tunduma
värk ütlema atopukusika;vikkama valmistamine hobuserautamine;üldse häbiväärne vana-ema;kujunema tähtis etapp;vaatama võitlema võitlema;paistma nägema leppima;küllalt asjatundlik hästi;kodu tegelikult vaja;kirjutama kirjutama meel
mõtlema tuttav niukne;linnane jahvatama suur;tähtis asi vanasti;hea meister oskama;saavutus oskama saavutus;kestma tänane päev;vanavanem nägema paremini;tõsiselt võtma rääkima;valmistama ütlema ligadi-logadi
tõmbama koht päev;tänane taevaisa poiss;üldse tähtis asi;sõda luuraja avastama;hirmus aeg koht;terema andma vanem;inimene targem subjekt;korralikult valmistama ütlema;töö nägema võib-olla
asi inimene mõtlema;naabripoiss oomikrosi räkima;hirmus asi juhtuma;kergemini paremini ümberringi;innustama julgustama abistama;vanaisa tegelikult ajendama;selge hoiak vanavanem;tegemine vanavanaisa võtma;vana arutas-arutama vaatama
õnnelik noorem põlvkond;panema maa linnariie;asi lõpetama töö;valmis kuu aeg;meel kirjutamine seoses;meel märkamatult vanaisa;lapselaps hoidma hästi;jääma üldse elama;panema põlema küla
ühtlama niuk väike;no jälgima käärimine;laps kodu tegelikult;vaatama talu valmis;esinema niukne asi;milema aeg keedetud;vana-isa võtma kaasa;tähtis arvama näiteks;tagajärg laskma lend
sõna paar nädal;tähtis asi nõudma;vanem oskama nägema;selg panema sõitma;rahuldus jest elama;vaatama õhtu hiline;vanaisa rõõmustama lõpp;eriti hästi näiteks;kutsuma vaatama talu
maja usuja mõte;häbi arvama mõte;inimene mõtlema oskama;kutsuma saaremaa labudeks;tegelema asi tulemus;tekkima arvama vanaisa;inimene asi vanavanem;hea meister oskama;friedrich händel veemuusika
üliõpilane ütlema süsteemne;hommik eksam tikk;oluline tõde andma;maitsema üht-teist nähtavasti;idee elu asi;tasapisi õhtu panema;looming inimene targem;põlema küla professor;metsik lugu lihtsalt
käsitlus praht ütlema;teadma kukkuma juht;inimene kujunema tähtis;nägema võib-olla lihtsalt;seisma pood uks;vedama õhtu viimane;vaatama kiitma selguma;ütlema no vaatama;arutas-arutama vaatama kiitma
powerpoint lülitama käsikiri;üldse tähtis asi;teadma täpselt viimane;kuidasmoodi inimene kujunema;võimatu printsiip võimalik;tegemine vanavanaisa võtma;meel märkamatult vanaisa;söandama ütlema vanaisa;naabripoiss vaatama õhtu
kalus künd põhjas;keetma tähendama hool;töökas ilmatark õhtu;varem maailm muutuma;vaatama jama idee;panema no jutt;vanaisa uurima tülli;suur sigala valmis;pragu otsima ronima
paremini ümberringi jõgi;sõltuma laps rull;esinema sageli üliõpilane;suutma looma üldse;ütlema tahtma arvama;tuletama meel aeg;vanavanem tähendus roll;ütlema vanem oskama;lotakas keerama p-täht
hülgeti tunne nägema;siduma hobune oks;mõte suur rääkima;korralik vait nägema;arvama hea tulemus;kaasa tähtis asi;tähtis küllalt asjatundlik;jälle uuesti jälle;tekkima tavaliselt natuke
analüüs järeldus ettepanek;mõistma tammetoru lammas;suvi tähtis töö;logisev tiitel üldse;võimaldama inimene asi;ütlema kohtuma üldse;arvama vanaisa pedagoogiline;küllalt märkama kuidasmoodi;looma üldse õnnelik
tekkima tul kõne;raudteetamm tõmbama kruus;powerpoint lülitama käsikiri;mõtlema parem sõjajärgne;ütlema ligadi-logadi arvama;juhtuma aeg ühteteist;asjatundlik hästi näiteks;üldse arvama näiteks;vaatama vaatama no
lepitaja georg friedrich;tegutsema vastupidi aitama;tulemus tähtis halb;no jälgima käärimine;asi võimalus küsimus;sepp ala hea;kaasa tähtis asi;direktor saavutama vanaisa;lapseiga vanaisa tegelikult
niukne redel angedrialedel;vana-isa võtma kaasa;huvitav asi lõuna;poiss pahandus üldse;tegelikult selgelt andma;tähtis aeg õhtu;mälestus põlvkond suur;elu veeretama õppima;no lubama täht
kaemus meetod lihtsalt;sõna ütlema loll;lugema uskuma eriti;põhjas raske käsi;arenkas tohman seisma;võtma päev selguma;vanavanem vanem õpetaja;kõvasti jõudma viskama;mõtlema võtma ruttu
voogla muusika robert;tähelepanelikkus täpsus kujundama;valmistuma kõikjal päev;vanasti tünd regi;asi tekkima tekkima;osa tegija vanaisa;vanaisa kark vaatama;üldse viitsima suutma;vaatama ütlema no
inimene natuke mõtlema;päev pikk maitsema;tähtis ülesanne täitma;kinni magama naabripoiss;andma vanem õpetama;päev tõmbama hing;andma vanem õpetama;näiteks vanaema seelik;voo sõltuma sõltuma
näiteks album päevik;kord laps küllalt;kujundama vodo täpne;üldse sattuma tasapisi;asi tikutik niuke;panema toby tormama;tähtsam tunnetus inimene;ütlema no oskama;värk ütlema atopukusika
bene värk vaatama;laps kasvatamine vikkama;õpetaja laps sokutama;raud valmis depood;vahetu kaemus meetod;vanasti kutsuma vaatama;tähtis asi vanasti;ütlema 10 liialdama;asjatundlik hästi näiteks
hool tähelepanelikkus täpsus;õnnestuma õu süda;asi juhtuma võtma;üldse nägema ravitaim;niukne redel angedrialedel;tore lapselaps toredam;targem saamine teadasaamine;loll ütlema ilusti;plahvatama aeg mõtlema
suma mürakas käima;vanavanem silm terema;hea tähtis asi;arvestatavalt oluline jälg;üldse arvama näiteks;võtma kaasa näitama;tore lapselaps toredam;ütlema vanaisa vanaema;rääkima käsud-keeld asi
usuja mõte üldse;suur teadma jääma;suurepärane vanaisa tali;hoidma tini serv;arvama jälgima vaatama;õhtu panema küünal;mõtlema aeg huvitav;vanavanaisa võtma töö;päev võimalik vajalik
arvuti lülitama powerpoint;lõpetama töö vedama;hea tulemus tulemus;ütlema atopukusika üleson;niuke asi võimalus;vanem märkama kiitma;teadma targem mõtlema;saaremaa näiteks ütlema;raadioteater 2008 
mõte kaim kalaranda;hoiak vanasti kahju;asi nägema kuulma;täpselt viimane kord;usaldama inimene käsi;paik kants vanaema;asi mõtlema kiitma;sõna ütlema tahtma;tähtis üldse võtma
õnne õpikoda sepikoda;märkmepaber panema teetass;vana vanaisa mõtlema;eksitus vahetama eksimatult;ütlema tegu pruukima;taot lai lotakas;arutas-arutama vaatama kiitma;tegija vanaisa ütlema;teadma täpselt viimane
nähtavasti heinakogumine väike;hind aeg niuk;kindlasti õhtu videvik;käsud-keeld asi tekkima;aeg no teadma;vanaisa mõtlema aeg;suur teadma jääma;nimelt üliõpilane ütlema;pahandus üldse kindlasti
vanaisa mõtlema aeg;leppima suur pärandama;eriline polent lihtne;ähvardav kasvatusstiil nägema;võimalus areng looming;korras üldse hiljem;vanaema aeg asi;sülitama ütlema bene;täna eriline õhtu
halb sõna päev;jälle elu jätma;kodu tegelikult vaja;tähtis küllalt asjatundlik;tohtima raiskama tiku;kindlasti õhtu videvik;tervik asi korras;tugev juur ütlema;kõver pikk suur
töö nägema võib-olla;no näiteks kuressaare;spetsiaalselt sättima hommik;täpsus kujundama vodo;kodu tegelikult vaja;asi mõtlema kiitma;ütlema vanaisa vanaema;valmis depood vaja;ronima põrand vaatama
jüriental kitarrikvartett lepitaja;ütlema loll ütlema;kujunema vanavanem nägema;serv kinni vaatama;kiitma tunnustama innustama;parajasti kohus vaatama;küla professor ülo;tähtis asi nõudma;no 20 sõrm
suur elamishoone laut;tool hobu tooma;oluline samamoodi väga-väga;lõuna eino aeg;asi vahetama kaup;käsud-keeld asi tekkima;pahten vaatama hindama;jätma vana-isa võtma;üldse mõte üldse
nädal kisti käima;juht hea tähtis;homme üldse nägema;kark valmistama kõndima;eksitus vahetama eksimatult;kord õhtu käsi;tähtis tegu ütlema;ütlema loll ütlema;õhtu käsi vanaisa
mittesüsteemne käsitlus praht;lepaoks maha tõstma;õppima teadma targem;tegu no heategu;imestus imestama suutma;ikati niimodi nips;vaist tabama hästi;nägema leppima suur;no hoiak oluline
häbiväärne vana-ema töökas;is päev tõmbama;ilm homme üldse;tegelema asi tulemus;kirjutamine seoses arvama;toredam silm vanem;hoidma laps vanem;vaatama no vaatama;aeg kuluma arvama
selge õlletegu saaremaa;kasvatamine vikkama valmistamine;uskuma eriti hästi;sõitma lossihoov jagunema;varem parem inimene;arutas-arutama vaatama kiitma;saavutama vanaisa uurima;suurepärane vanaisa tali;lülitama käsikiri panema
kaasavõtt ilme nägema;soovima laps õnn;tähtis töö ajal;jaanipäev heinaaeg tähtsam;tunnetama ümbritsema inimene;niukne tähtis sündmus;tarkus aitama kasvama;oskama ütlema tingima;arvama jälgima vaatama
oskama nägema tähendus;saaremaa tähtis asi;leidma teadma täpselt;kujunema tõsine vaene;armastama rääkima innustamine;lagi no õnnestuma;tühine väike targem;käsk tahtma teostuma;vaatama no vaatama
metsik lugu lihtsalt;proovima savi kaba;arutama natuke täpne;ühesõnaga videvikupidamine kurss;vate detail määrav;tänane taevaisa poiss;väärtus vana vanaisa;professor ülo voogla;ümbertegemine vikkama sepikoda
niuk väike märkmepaber;tabama aru päevik;õppimine osa kool;kuskilt kesk-aasia arvama;seisma paigal lubane;sündmus valmistuma niuke;vastama suurepäraselt raamat;kaasa tähtis asi;eriline õhtu arvuti
käima hoov ronima;lahti tooma kadakaoks;paremal üksik rääkima;raske ükshaaval võtma;võitlema võitlema veni;isaisa kindel paik;mõte suur rääkima;uskuma eriti hästi;tõsiselt võtma rääkima
hobune oks sõitma;pikk toik taguma;vanaisa pedagoogiline haridus;täitsa tore lapselaps;asi nägema kujunema;viis vanaisa naabripoiss;meenutama mõtestama targem;oluline tegutsema lugu;keelama looming lakkama
pahnas küla kelmiküla;teadma targem mõtlema;suur rääkima kujunema;ülo voogla rääkima;inimene asi vanavanem;nägema laps vanavanem;huvitav inimene paistma;sõna ütlema loll;asi vaatama tegelikult
nihuksed suur võimalik;ilmselt suma mürakas;töö nägema võib-olla;kuskile vaikne ookean;magama mitema veerand;tegu tuju paar;panema toby tormama;kirjutama laps magama;kivi mõis pull
täitsa selge õlletegu;nähtuma granaat vihkama;tulemus kestma tänane;saaremaa tuntud sepp;ütlema no vaatama;asi tekkima tekkima;vana arutas-arutama vaatama;lõpp lõpp suur;lülitama powerpoint lülitama
lõpmata hulk juukseline;päev selguma raudtee;väike peegel vaatama;imetalu rajama kiviaeg;oskama ütlema totalitaarne;vaatama üksainuke kord;toredam silm vanem;värk ütlema atopukusika;muutuma arenema üldse
vanem õpetaja laps;kruttima saksa granaat;jutustama päev asi;üldse tähtis asi;ümbritsema inimene keskkond;ütlema atopukusika üleson;linnuke vanem rääkima;sigala valmis kuu;laps rull arvama
õppima asotsiaal näiteks;pedagoogiline haridus kuulma;töö vedama õhtu;tekkima mismoodi tekkima;hirmus asi juhtuma;isiklik tikk naasma;vanavanem arvama hoidma;jälle pahane ütlema;sülitama nägu sülitama
tul kõne üldse;niu palve mõtlema;tavaliselt paremal üksik;vanaisa ütlema no;tahtma väärtuslik saavutama;vanaema aeg asi;kujunema vanavanem nägema;võtma no lubama;häbiväärne vana-ema töökas
osa kool tühine;tähtis eetika nuputama;häbiväärne vana-ema töökas;vahe märkimisväärne suhtumine;ülesanne kontrollima panema;kord elu sülitama;vaatama hindama tapp;saaremaa tuntud sepp;üldse arvama näiteks
käituma selge pilt;mõtlema oskama juht;õppimine laps töö;tähtis eetika nuputama;suutma abja asi;käima hoov ronima;hea tähtis asi;kodumaa armastama rääkima;ütlema no jälgima
niuke hirmus asi;pauk panema kahurikuul;tähtis usaldama inimene;asi vaatama tegelikult;vedama õhtu viimane;mutt andma ülesanne;vanem õpetaja laps;nägema natuke näiteks;üksik rääkima käsud-keeld
võimatu printsiip võimalik;tooma jätma seisma;peegel vaatama paremini;ohvitser puu saavutama;tikutik niuke defitsiit;niimodi nips laskma;küla sotsiaalteadlane ülo;varem parem inimene;kujunema üldiselt peatama
nägema kuidasmoodi tegelikult;intuitsioon oluline tegutsema;laudo hea tulemus;enamasti võtma aeg;vaatama koht nähtavasti;vanaisa kark vaatama;aeg huvitav inimene;vaatama vaatama no;õnn näiteks vanaema
hästi sigadus õnnetus;sedalaadi maja usuja;asi nägema kujunema;sobima tähtis aeg;seoses arvama natuke;kõikjal päev tõmbama;innustamine arvama eestlane;täis vaatama värk;näiteks võrdlema ameeriklane
niuke asi võimalus;meister oskama chipp;juhtuma oskama ütlema;vanaema suu eriliselt;hea tulemus tulemus;juhtuma sell uskumatu;vanem üldiselt kindel;keelama sõna ütlema;näiteks niuk sõna
loss võti kapiitlisaal;kitarrikvartett lepitaja georg;asjatundlik hästi näiteks;tõsine vaene valmistuma;looming funktsioon ruum;suutma abja asi;tõuge mõtlema tervik;tähtis üldse võtma;ütlema ligadi-logadi arvama
püss granaat saaremaa;no toppima ilusti;märkamatult vanaisa oluline;käima kahekesi saaremaa;defitsiit tikkuma tohtima;sülitama ütlema bene;targem mõtlema kogemus;suur mees tuju;leht vana vaatama
ilme nägema käima;talu suur elamishoone;näiteks ütlema 10;vanem märkama kiitma;eeskuju suhtlemine vahetu;tul kõne üldse;sokutama tähtis varem;paremal üksik rääkima;käsud-keeld asi tekkima
poiss asi mõtlema;hoidma tini serv;pikk suur väike;tikk naasma kodu;vastane vahetaja raha;vanaisa pühendama igatsus;tavaliselt panema vanaema;ütlema tähendus tekkima;märkama aeg tervik
oomikrosi räkima keed;vanaisa naabripoiss niukne;oluline tegutsema lugu;parem sõjajärgne aeg;kehvasti logisev tiitel;rääkima ütlema vanem;hing spetsiaalselt sättima;vanem ütlema laps;sõitma lossihoov jagunema
tänane päev suits;koht ümbertegemine vikkama;hea tulemus suvi;teadma missioon aeglaselt;seoses vastutama vastutama;saigema viima õnnetu;professor ülo voogla;vaatama pahten vaatama;no vaatama pahten
hämarduma tuba pine;vaatama pilv otsene;oskama nägema laps;meister oskama chipp;asi vaatama tegelikult;tubli poiss vaatama;mõtlema kiitma tööriist;üldse tekkima tul;juus arvama mittesüsteemne
muusika robert jüriental;rajama ideoloog tähtis;ütlema õige aeg;ütlema lihtsalt esinema;asi arvama korralik;käsi ema isaisa;kiitma tunnustama innustama;keskendumine täpselt käsk;jätma vana-isa võtma
siukne asi lihtsalt;ütlema teadma täpselt;tähtis asi laps;vanasti kahju aeg;mitema veerand tund;paras tasapisi õhtu;võtma kaasa tähtis;mees kehtestama mismoodi;teadma jääma üldse
tsiviiltulem kuskile vaikne;võtma niukene pehme;tähtis tegu ütlema;kõrv kirjutama nähtavasti;inimene paistma habe;ütlema vanaisa vanaema;küllike vedama hästi;üldse kindlasti täitsa;aeg ükskord jälle
kõrgendatud toon niukne;professor ülo voogla;vanaisa tegelikult ajendama;võtma keelne kraga;näitama julgustama innustama;lapseiga vanaisa tegelikult;õnn näiteks vanaema;vanaema seelik laps;vajuma lagi no
ligadi-logadi arvama asi;vanaisa mõtlema aeg;lõpuks jõudma kodu;noorem põlvkond teadma;arvama näiteks niuk;vanaisa naabripoiss niukne;suutma abja asi;tekkima tul kõne;jõudma viskama jälle
natuke täpne põlv;hoov ronima paat;nägema paremini vanem;tegelikult vaja kindlasti;hea tulemus suvi;ütlema no oskama;toppima ilusti õige;depood vaja ülemus;paik kants vanaema
piinlik mõtlema misasja;panema hind aeg;mõtlema oskama juht;mõtlema misasja lugu;kontrollima panema hind;päev rääkima viis;suur pärandama niuke;selg kõvasti jõudma;koht ümbertegemine vikkama
rüksn pahnas küla;naasma kodu süda;polent lihtne asi;selge küllike vedama;arvama turvaline koht;ikke unustamatu sündmus;rada saigema viima;järgnema kõne kujunema;tähendus tähendus sageli
asi võimalus küsimus;tõke siga üldse;täpsus kujundama vodo;hobune oks sõitma;eriline õhtu arvuti;jälle kodu vanaema;sitikas putukas käituma;rääkima vanaisa tarkus;värk vaatama üksainuke
ümberringi jõgi kalarand;õige no kuulma;tõmbama kool viskama;tapp kehvasti logisev;aeg huvitav inimene;keede milema aeg;targem inimene õppima;üldse tähtis asi;tegelikult vaja kindlasti
üldse enesestmõistetav rääkidav;tikk panema toby;väärtus vana vanaisa;tuntud sepp ala;kaua asi selge;raudes taot lai;natuke meenutama mõtestama;lepitus kool direktor;ronima põrand kaua
vana vanaisa mõtlema;nägema kuidasmoodi tegelikult;selge asi vaatama;ühteteist arvama kehvasti;varu tunnustav sõna;leppima suur pärandama;sepp ala hea;küllike vedama hästi;sõltuma laps rull
uni naabripoiss oomikrosi;piinlik mõtlema misasja;inimene õppima õppima;regi vanker vastane;ein nihuksed suur;hoitud vanaisa pühendama;no jutt vanaisa;ütlema laps käsk;kaasa näitama julgustama
rehealune kaev mõistma;loss võti kapiitlisaal;süsteem funktsioneerima muutuma;talu valmis vaatama;detail puudu hästi;tekkima oskama ütlema;arvama vanaisa saladus;asi korras üldse;aeg huvitav inimene
viha juht asi;naerma ajav juuksekarv;mõistma tähtis üldse;ütlema no jälgima;abja asi autokast;oskama oskama seisma;vanaisa vedama rannastama;õppima elu veeretama;tahtma võtma no
süsteem süsteem funktsioneerima;võtma muretsema piiburaud;asi korras üldse;autokast imestama tubli;eksam tikk tavaliselt;kirjas päev rääkima;jätma vana-isa võtma;vaatama tegelikult ikkagist;arenema üldse esimene
kahurikuul panema lõke;vanavanem vanem õpetaja;suur ettevalmistus tähtis;lõpuks süttima kruttima;laudo hea tulemus;videvik ajal jutustama;andma tõuge mõtlema;elu asi võtma;vahe märkimisväärne suhtumine
väärtus vana vanaisa;töö niukne tähtis;tähtis halb sõna;üldse hülgeti tunne;mees korralik tool;õhtu viimane lõbu;saade panema külli;teadma häda ütlema;juhtum töö hammas
tähtsus huvitav asi;kukkuma juht õnnetu;suur võimalik siduma;enesestmõistetav rääkidav niukos;julgustama abistama vate;vana-ema töökas ilmatark;inimene käsi tähtis;valmistuma kõikjal päev;kuidasmoodi tegelikult piinlikult
näiteks niuk sõna;röövik magama ilmselt;paras tasapisi õhtu;üldiselt peatama saamatu;vahe tekkima oskama;rääkima vanaisa tarkus;hästi laps mõte;vana-isa võtma kaasa;pikk panema panema
niitmine käima jõud;detail määrav tähtsus;käima kindlasti õhtu;mõte koht üldse;selge asi vaatama;vanasti kahju aeg;hoiak vanavanem tähendus;oskama juht varem;laitmatult korras no
vanaema aeg asi;kuskile heitma kivi;oskama nägema tähendus;mees kehtestama mismoodi;lülitama powerpoint lülitama;vana vanaisa mõtlema;laps täitsa tore;võtma jälle paev;seisma pood uks
piipzi biit mees;täpselt käsk tahtma;oskama ütlema totalitaarne;võrdlema ameeriklane rääkima;tekkima aeg uus;korralik vait nägema;tähtis üldse võtma;vaatama ütlema no;katus ronima põrand
kivi halb sõna;ettevalmistus tähtis tegevus;korralikult valmistama ütlema;kiirustav ajama aeg;totalitaarne ühiskond rajama;kaasavõtt ilme nägema;vanavanaisa võtma töö;vaatama kiitma selguma;no nõidumine pühalik
valmistama ütlema ligadi-logadi;aeg asi tikutik;selge tähtis tegu;paik kants vanaema;arvama asi nägema;vaatama värk ütlema;tänane taevaisa poiss;juht hea tähtis;talu suur elamishoone
käsi ema isaisa;asi laps halb;targem õppima teadma;vanaisa rõõmustama lõpp;asi kivi hirmus;arvama natuke meenutama;kestma tänane päev;põhupeapuupea kapsapea peegel;koht päev koht
saaremaa näiteks ütlema;suur vaatama ütlema;suur leht vana;piinlik mõtlema misasja;jama idee elu;ütlema no piipzi;põlvkond suur teadma;asi võtma keelne;üliõpilane ütlema süsteemne
taevaisa poiss jälle;vaatama värk ütlema;sealhulgas produkt õppija;raudtee ehitama põik;õnnetus eksitus vahetama;päev tõmbama tuha;paremini vanem märkama;kõne üldse mõte;muutuma sõltuma laps
võti kapiitlisaal kahjuks;friedrich händel veemuusika;turvaline koht leidma;tegelikult ajendama loomasüsteem;näiteks vägama arvestatavalt;võtma eriline polent;ülo voogla rääkima;õnne õpikoda sepikoda;sell uskumatu asi
natel sööma käima;kirjutama laps magama;rajama ideoloog tähtis;sülitama nägu sülitama;hind aeg niuk;aeg huvitav inimene;trepikoda küla sotsiaalteadlane;laps juht hea;panema sõitma lossihoov
sundus niuke asi;käratsemine siukne asi;tegelikult selgelt andma;õppima varem maailm;isiklik tikk naasma;ütlema vanem oskama;kaasa näitama julgustama;halb sõna ütlema;jälle uuesti jälle
häbi arvama mõte;kivi harjutus tähtis;maja ehitama kõva;tiitel üldse sile;tegelikult ajendama loomasüsteem;nägema kuulma jääma;lapseiga vanaisa tegelikult;vaja kindlasti kaasavõtt;georg friedrich händel
mõtlema parem sõjajärgne;hirmus tegu tuju;vanaisa mõtlema aeg;ütlema no piipzi;tikk hommik eksam;tegu no heategu;vanasti tünd regi;vanem rääkima laps;otsima ronima ronima
kaev mõistma tammetoru;vedama hästi kivi;arvama oluline asi;väike hunnik kutsuma;kujunema aru asi;päev asi natuke;korralik talupoeg vanasti;mõte üldse tekkima;inimene kujunema üldiselt
kokkuvõte selge küllike;targem mõtlema kogemus;õhtusöök mäletama juhtum;mõte suur rääkima;eriliselt kaaluma imestus;juht varem hiljem;võimaldama inimene asi;elu jätma vana-isa;suur pikk panema
ülikool eetikakeskus haridusministeerium;tegemine vanavanaisa võtma;sündmus aasta töö;andma vanem õpetama;viima õnnetu andma;jõudma võtma niukene;põlema küla professor;ümbertegemine vikkama sepikoda;pikk suur väike
huvitav asi lõuna;viimane lõbu sein;õhtu hiline päev;vähegi võimalik tõmbama;sigadus õnnetus eksitus;päev koht ümbertegemine;võtma eriline polent;juht hea tabama;kriik vasak joon
õnn sari õnne;jama idee elu;õnn eriti suurepärane;soolamaks vanaisa vedama;tohman seisma paigal;vanavanem arvama hoidma;tegu no heategu;õnn eriti suurepärane;paistma habe hall
ühti asi täitsa;tähtsam tunnetus inimene;hästi hoitud vanaisa;andma sõjajärgne aeg;imestama suutma abja;kahjuks põrand võtma;viitsima suutma oskama;lõpetama töö vedama;ilm homme üldse
tõstma riisutud ein;kasvama inimene õnn;korralik talupoeg vanasti;jätma naabritüdruk otsene;otsene imetalu rajama;hästi hoitud vanaisa;videvik pidamine suur;no õnnestuma õu;mull käima pikk
üldse hülgeti tunne;vaatama õhtu hiline;tohutu huvitav lugema;tookord tähtis eetika;vaatama enamasti kaik;õnn näiteks vanaema;nägema paremini vanem;juhtuma oskama ütlema;hea tabama tahtma
aasta keede milema;georg friedrich händel;panema teadma täpselt;mismoodi kujutama silm;aeg asi no;varajane lapseiga vanaisa;ütlema ilusti mõtlema;saavutama pühenduma juht;kord aeg no
küla rüksn pahnas;sõna toetus söandama;tund õhtusöök mäletama;esinema sageli üliõpilane;kujunema tõsine vaene;saade panema külli;sari õnne õpikoda;rääkima laps kujutama;jutustama tagajärg kokkuvõte
rõõmustama lõpp lõpp;oluline tõde andma;andma vanem õpetama;homme üldse nägema;aeg võimaldama inimene;kodu vanaema aeg;biit mees korralik;üldse mõte üldse;vähegi võimalik tõmbama
nägema laps vanavanem;ühesõnaga selgitama tasapisi;tegutsema oskama nägema;vanavanem nägema paremini;päev ühti asi;sammalt aeg asi;mõistma tähtis üldse;hea laps juht;detail arvama asi
lind sitikas putukas;vale koht arvama;inimene kujunema üldiselt;kehvasti logisev tiitel;tahtma yldse no;natel sööma käima;rääkima viis oskama;käsk keeld paremale;vaatama põrand no
sihakse loom peedipõld;asi looming inimene;täht selge asi;ükskord leidma kiviaeg;selgitama tasapisi kujunema;sepikoda pakkuma ikati;pidamine suur tähtsus;häda ütlema taine;kehtestama mismoodi kujutama
kivisõda tõsine sõda;sobima süda valutama;tubli poiss vaatama;tüli kujunema tõsine;tekkima oskama ütlema;märkamatult vanaisa oluline;nägema kujunema vanavanem;natuke näiteks söandama;korralik tool hobu
produkt õppija õppimine;10 liialdama no;vaatama töötaja õppima;tegutsema mõte kaim;heitma pragu otsima;koht vanavanem vanem;andma mõistma tähtis;tähendus ütlema tegu;kujund tegu tagajärg
elamishoone laut ait;tekkima sättima tähendus;muutuma arenema üldse;lihtsalt esinema niukne;ütlema totalitaarne ühiskond;tekkima tul kõne;korralikult valmistama ütlema;korralik vait nägema;valmistamine hobuserautamine üldse
tükk aeg tänane;vaatama paremini sobima;vägama arvestatavalt oluline;häbiväärne vana-ema töökas;panema hind aeg;nägema jõuluõhtu hirmus;natuke mõtlema tuletama;täpne korralik vait;tegevus neli-viis kord
no näiteks kuressaare;sundima natuke teritama;mõtestama targem inimene;trepikoda küla sotsiaalteadlane;arenema üldse esimene;kord panema teadma;hindama tähtis arvama;aitama röövik magama;täpselt viimane kord
muusika isa loss;pikk maitsema üht-teist;asi mõte suur;oluline tõde andma;tasapisi kujunema inimene;koht päev koht;päev suits tahtma;paigal vastama suurepäraselt;selg kõvasti jõudma
karistaja rahuldus jest;vaatama jama idee;printsiip võimalik õppima;robert jüriental kitarrikvartett;arvama mittesüsteemne käsitlus;aasta keede milema;ilus rada paistma;ütlema teadma täpselt;näiteks söandama soovitama
üldse tähtis asi;ehitama niu palve;tahtma maja põlema;tähtis tegu ütlema;juhtuma juhtuma oskama;asi arvama korralik;kujunema aru asi;homme üldse nägema;mõtestama mõtestama laps
suits tahtma yldse;aeg talu niukne;tähtis asi halb;naabripoiss oomikrosi räkima;inimene eeskuju suhtlemine;tüli jaan tootsen;tikk panema toby;asjatundlik hästi näiteks;kord elu sülitama
põhupeapuupea kapsapea peegel;lappama käsi pärastpoole;laps vanem üldiselt;äparduma juhtuma ühesõnaga;ütlema lihtsalt esinema;ammu ootama ükskord;tähtsam puhk rehepeks;ütlema atopukusika üleson;vana-ema töökas ilmatark
jälle pahane ütlema;missioon aeglaselt tahtma;määrav tähtsus voo;käsikiri panema põlema;vaatama kiitma selguma;tuju paar päev;imestama suutma abja;asi täitsa selge;enamasti kaik toksima
taine põhupeapuupea kapsapea;kuskile saar saar;nägema kujunema vanavanem;spetsiaalselt sättima hommik;koguma kivi harjutus;no oskama oskama;julgustama abistama vate;ühesõnaga videvikupidamine kurss;tegutsema kuskile ütlema
päev ühti asi;tervik asi korras;tulemus suvi tähtis;vedama hästi kivi;sammalt aeg asi;kants vanaema lapselaps;sülitama ütlema bene;väärtuslik saavutama pühenduma;vihkama kuskile heitma
häda jõulukink parajasti;paremini sobima süda;pisike valge kuu;asi täitsa selge;vahetama eksimatult esimene;täis vaatama värk;juht hea tabama;tähtis ülesanne täitma;veerand tund kaks
mõtlema aeg huvitav;raudtee võtma päev;tüli kujunema tõsine;ühti asi täitsa;aeg ühteteist arvama;bene värk vaatama;heinaaeg tähtsam puhk;kirjas päev rääkima;elu sülitama nägu
pime paistma nägema;mutt andma ülesanne;suurepäraselt raamat kirjas;piinlikult täpne vastane;tulemus tulemus kestma;hall hoiak vanasti;asi vanavanem arvama;õu magama uni;kahjuks esinema sageli
tekkima sättima tähendus;vanaisa pedagoogiline haridus;parem inimene märkama;rääkima üldse arvama;selge küllike vedama;võtma rääkima ütlema;üldse tähtis asi;hein asi lõpetama;süsteem süsteem funktsioneerima
tiku is päev;vihkama kuskile heitma;õppima õppima targem;maailm vahetu kaemus;maksma vaja asi;asi juhtuma võtma;päev tõmbama hing;kasvama suur mees;nimel svipsima 100
keedetud jõulud jaanipäev;aine ööülikool tänama;arvama hea tulemus;silm märkama aeg;vaatama granaat koht;videvik pidamine suur;soolamaks vanaisa vedama;no tahtma keelama;varem parem inimene
redel angedrialedel kiviaeg;aeg võimaldama inimene;süsteemselt tegutsema kuskile;kindlasti õhtu videvik;alge lähtekoht koht;ütlema sõber kodumaa;laskma lend jutustama;jälle kodu vanaema;hindama tapp kehvasti
ülemus raudtee võtma;kumedalt kriid tõmbama;rääkima ütlema vanem;nägema vaatama töötaja;asi vanavanem arvama;tükk aeg juhtuma;varem parem inimene;otsima lepitus kool;tõmbama selg kõvasti
printsiip võimalik õppima;panema toby tormama;tahtma süsteemselt tegutsema;keeld paremale joon;paistma habe hall;imestama suutma abja;siidinöör teadma kuul;vanem õpetama nägema;vanem üldiselt kindel
depood vaja ülemus;varajane lapseiga vanaisa;vanem rääkima laps;jälle kodu vanaema;uskuma usaldama arvama;külli tüli jaan;käsud-keeld asi tekkima;küla vaatama käsi;aeg võimaldama inimene
leedripuuoks värske särk;ühesõnaga videvikupidamine kurss;tööriist valmistama tunduma;koostöö tartu ülikool;meetod lihtsalt tunnetama;ema isaisa kindel;õnne õpikoda sepikoda;vanaisa ütlema no;20 sõrm silm
ütlema totalitaarne ühiskond;arvatud niukne vikat;toppima ilusti õige;suurepärane vanaisa tali;tähtsus huvitav asi;töö nägema võib-olla;vana-ema töökas ilmatark;nägema kuidasmoodi tegelikult;panema maa linnariie
rahulikult eigisane käsk;paigal lubane istuma;juhtuma pold raske;vana roostetanud nael;riputuma vikat kaun;koht üldse sattuma;nimelt üliõpilane ütlema;vanem õpetaja laps;lõpetama töö vedama
keed luutelu võraline;suur mees tuju;ideoloog tähtis mutt;bene värk vaatama;suhtumine vahe tekkima;raiskama tiku is;tähtsus huvitav asi;ammu ootama ükskord;nägema kuidasmoodi tegelikult
teetass äär tõmbama;heinakogumine väike hunnik;juhtuma juhtuma oskama;raske käsi hoidma;vaatama ütlema no;nägu sülitama ütlema;tekkima oskama ütlema;praht ütlema oskuma;lahti jõudma viis
käratsemine siukne asi;suits mõtlema lahti;väike laps töö;inimene kujunema üldiselt;tähtsam tunnetus inimene;tähtis asi vanasti;leppima suur pärandama;vait nägema kuidasmoodi;mõtlema tegutsema vastupidi
kaik toksima jõudma;piipu tooma linn;pedagoogiline haridus kuulma;nägema laps vanavanem;tingima kahjuks esinema;pakkuma ikati niimodi;panema panema parajasti;asi vaatama tegelikult;vara tagantjärgi ütlema
lapp kalus künd;sobima tähtis aeg;hea laps juht;nuusutama tubakas tubakas;tõstma riisutud ein;natuke tülis aeg;paar päev vanaisa;linnuke vanem ütlema;tavaliselt tugev tõrju
aeg tänane taevaisa;päiksevärv loojaminemine informatiivne;küllalt asjatundlik hästi;ehitama kõva laiali;niukos usaldus seoses;võtma kaasa tähtis;suur rääkima kujunema;kokkuvõte selge küllike;asi lõuna eino
vanaisa uurima tülli;märkama aeg tervik;maja põlema panema;ülemus raudtee võtma;peatama saamatu rumal;küllalt aeg aeg;tünd regi vanker;ükshaaval võtma eriline;pahten vaatama hindama
lagi no õnnestuma;taevaisa poiss jälle;koht vanavanem vanem;kivisõda tõsine sõda;niuke saavutus oskama;lõppema mull käima;vanaisa pedagoogiline haridus;tähtis usaldama inimene;kord panema teadma
asi sõda järsku;lendama tirooli vimpe;päev võimalik vajalik;aeg kiirustav ajama;arvama mõte koht;silm terema andma;suur mees tuju;näiteks niuk sõna;powerpoint lülitama käsikiri
niux asi süda;lagi no õnnestuma;päev asi natuke;valmistama ütlema ligadi-logadi;tiku is päev;küla vaatama käsi;jutustama päev asi;tõmbama sein vajuma;väärtuslik saavutama pühenduma
vanem ütlema laps;võtma töö osa;tegutsema kuskile ütlema;tali saaremaa tuntud;koht vanavanem vanem;tähtis mutt andma;no õnnestuma õu;õige asi muutuma;märkimisväärne suhtumine vahe
tähendus tähendus sageli;hobu tooma ilus;aitama kasvama inimene;tulemus tähtis halb;näiteks vanaema seelik;juhtuma oskama ütlema;soovima töö nimel;ütlema kohtuma üldse;poiss piibutudu tavaliselt
valmistamine hobuserautamine üldse;vastutama eesmine jäta;osa kool tühine;viitsima korralikult valmistama;pilt vasak ikke;juhtuma juhtuma oskama;uskuma eriti hästi;hästi laps mõte;tegelikult piinlikult täpne
otsene päike päikseloojang;saaremaa labudeks panema;tunduma tookord tähtis;loll ütlema ilusti;täht selge asi;suur rääkima kujunema;tegutsema lugu meel;pikk kinni magama;kuressaare kaks küla
sitikas putukas käituma;kõvasti jõudma viskama;väike laps mõtlema;ütlema vanaisa vanaema;rääkima kujunema inimene;ütlema lihtsalt esinema;vanem ütlema laps;juht asi kohustus;elu elama mismoodi
ülo voogla rääkima;äparduma juhtuma ühesõnaga;võimalik tõmbama üldse;õppima targem õppima;kodu jälle hobune;kisti käima värk;tõmbama koht päev;nimel svipsima 100;saksa granaat 50
sõjajärgne aeg olukord;oluline tegutsema lugu;mees korralik tool;pikk maitsema üht-teist;kuulma jagama vaatama;tund õhtusöök mäletama;talupoeg vanasti kutsuma;kinni vaatama asi;no vaatama põrand
aeg mõtlema võtma;natuke teritama silm;naabripoiss vaatama õhtu;vaatama pilv otsene;asi mõtlema kiitma;tekkima mismoodi tekkima;teadma kukkuma juht;ütlema ligadi-logadi arvama;põlema küla professor
põld suits mõtlema;kiviaeg talu suur;õppima targem õppima;sõda järsku saaremaa;uskumatu asi sõda;ütlema tegu pruukima;vedama panema raiuma;lahti jõudma viis;elama mismoodi aitama
sotsiaalteadlane ülo voogla;sündmus valmistuma niuke;intuitsioon oluline tegutsema;ülesanne täitma põllutöö;juhtuma oskama ütlema;no leidma pragu;rahuldus jest elama;rääkima käsud-keeld asi;vastupidi aitama aru
küla kelmiküla sajand;nahk tegemine eneserahuldamine;inimene asi vanavanem;vaikselt nägema jõuluõhtu;powerpoint lülitama käsikiri;õhtu videvik õu;ilusti mõtlema juhtuma;arvama vanaisa pedagoogiline;lihtsalt teadma no
robert jüriental kitarrikvartett;ükskord leidma kiviaeg;juht hea tähtis;üliõpilane ehitama niu;ütlema no jälgima;pääst lihtsalt kaasa;hea tabama tahtma;jõudma viskama jälle;jääma teadma laps
asi käsk käratsemine;inimene õppima õppima;lülitama powerpoint lülitama;mõte üldse tekkima;nisu rada saigema;ala hea meister;asi looming inimene;halb sõna päev;tabama hästi sigadus
